6 20
0 0 1 1 1 1 1 1 0 0
0.20 0.38 0.58 0.88 1.25 1.70
0.19 0.36 0.56 0.85 1.22 1.66
0.21 0.39 0.59 0.89 1.27 1.72
0.20 0.38 0.58 0.87 1.24 1.69
0.19 0.36 0.56 0.85 1.22 1.66
0.21 0.40 0.60 0.90 1.28 1.73
0.20 0.38 0.58 0.88 1.25 1.70
0.19 0.36 0.56 0.85 1.22 1.66
0.21 0.39 0.59 0.89 1.27 1.72
0.20 0.38 0.58 0.87 1.24 1.69
0.19 0.36 0.56 0.85 1.22 1.66
0.21 0.40 0.60 0.90 1.28 1.73
0.20 0.38 0.58 0.88 1.25 1.70
0.19 0.36 0.56 0.85 1.22 1.66
0.21 0.39 0.59 0.89 1.27 1.72
0.20 0.38 0.58 0.87 1.24 1.69
0.19 0.36 0.56 0.85 1.22 1.66
0.21 0.40 0.60 0.90 1.28 1.73
0.20 0.38 0.58 0.88 1.25 1.70
0.17 0.33 0.51 0.78 1.12 1.52