0	20.635603208975294
1.0	25.821394192269608
2.0	3.1822373325223086
3.0	17.734649238651986
4.0	3.2254573036801704
5.0	24.123802369319257
6.0	10.020664752427516
7.0	15.499855771908969
8.0	15.143199483907242
9.0	23.50758079960026
10.0	22.637516285402413
11.0	20.197655398925313
12.0	34.19371428399007
13.0	25.350373183161956
14.0	34.10618068196214
15.0	22.41465278813019
16.0	34.36057084376048
17.0	30.76437799062643
18.0	17.492830696216803
19.0	9.100665243045459
20.0	26.475871487245403
21.0	24.506892863704202
22.0	5.765658962945704
23.0	13.132002854063758
24.0	30.5191601212792
25.0	22.76745664199619
26.0	18.674056026794386
27.0	25.413557676999275
28.0	23.07285312078303
29.0	2.7729519769968958
30.0	10.160373549726785
31.0	6.718641977370738
32.0	13.30500283566615
33.0	1.5529565746694582
34.0	8.091663236538407
35.0	17.749923479362888
36.0	2.308610250202071
37.0	9.984354602885977
38.0	17.630067669615862
39.0	25.424730321439934
40.0	1.4396440390414247
41.0	0.46895968660005405
42.0	25.429909875860872
43.0	21.256408862291636
44.0	14.764024508397364
45.0	14.326779366071342
46.0	0.1
47.0	12.636566745042018
48.0	16.774199289347692
49.0	13.952152701317386
50.0	13.496666812898436
51.0	11.146582226106359
52.0	18.684256367529002
53.0	21.63162360002939
54.0	21.715857436475048
55.0	13.217948337288801
56.0	26.409706138981626
57.0	1.2714926134015805
58.0	13.79987148447228
59.0	15.886699306343239
60.0	24.56934763560617
61.0	11.76618206133473
62.0	17.108332689585087
63.0	28.797972296342458
64.0	25.97819657818642
65.0	10.091230695061302
66.0	12.827517860900372
67.0	25.342511099748442
68.0	5.787762623904585
69.0	23.64836164781614
70.0	10.813641195230186
71.0	12.266671475112343
72.0	19.16748677749656
73.0	24.975444897921335
74.0	26.470376256691395
75.0	17.778491727169353
76.0	26.166381467654695
77.0	7.711958187254954
78.0	8.925804186701479
79.0	27.814041321638662
80.0	10.256251583925252
81.0	31.611530401930683
82.0	23.930930720186147
83.0	10.587184951346357
84.0	12.183152388377115
85.0	26.158560394204724
86.0	28.597559191301574
87.0	10.118679854632758
88.0	21.111309954644888
89.0	12.966490467460138
90.0	28.114536993295392
91.0	9.019500554664418
92.0	8.311886121532662
93.0	20.33102477633696
94.0	13.852774657527288
95.0	21.52718248473252
96.0	3.976047823313864
97.0	8.138983158185539
98.0	21.961510262653903
99.0	9.148347379075428
100.0	17.035853126537372
101.0	9.262713668817675
102.0	10.383121677414644
103.0	18.27866856668127
104.0	10.750346710441697
105.0	16.556506809310292
106.0	5.357415193481002
107.0	19.01893744009709
108.0	19.36366065558814
109.0	19.34692999897549
110.0	11.154226947120168
111.0	2.085172168541445
112.0	0.1
113.0	8.866318191302927
114.0	8.482139388138206
115.0	21.462502284367876
116.0	6.147396212137876
117.0	1.1408535864518097
118.0	16.216489319726225
119.0	17.655536111665718
120.0	10.266202012655775
121.0	9.614012530845892
122.0	8.690276872376657
123.0	8.418159393231809
124.0	15.777107670655754
125.0	8.602486512713059
126.0	12.01125098616096
127.0	5.481706604317305
128.0	7.981741015706358
129.0	12.31245774360951
130.0	10.919985954278895
131.0	13.643981236492404
132.0	29.183338331921362
133.0	28.850065779118683
134.0	5.7296112816998
135.0	9.708320392017484
136.0	11.400134620645977
137.0	15.622276355154938
138.0	15.193989814811047
139.0	30.25201945919836
140.0	19.477118268809622
141.0	18.255521211308313
142.0	19.948996036377608
143.0	34.66101606414568
144.0	8.892337844180833
145.0	27.236918395207795
146.0	26.592316253096296
147.0	8.632446971218052
148.0	31.466504446904707
149.0	27.542502086713043
150.0	11.814766503565146
151.0	9.874430506999765
152.0	28.236396285009977
153.0	13.172160761106767
154.0	26.449713396373753
155.0	27.091489020627183
156.0	12.28911237072579
157.0	22.790612668673663
158.0	18.60482798436074
159.0	16.797718021790526
160.0	14.161250057987925
161.0	22.35485664380053
162.0	11.078597582018263
163.0	0.1
164.0	0.1
165.0	4.681401833040095
166.0	19.94217635681906
167.0	7.854908633821138
168.0	6.771309544396833
169.0	19.128783153299686
170.0	0.1
171.0	10.486315251462965
172.0	0.1
173.0	20.848115517484022
174.0	10.368767212892061
175.0	14.436571286712343
176.0	22.839599199280094
177.0	17.15496611609743
178.0	1.3955664920936854
179.0	8.867971674173537
180.0	25.541302897168478
181.0	10.697117760477171
182.0	4.697808504243413
183.0	0.1416903360224202
184.0	9.899894233135644
185.0	3.4377771708930682
186.0	14.169748468983675
187.0	15.517677640438968
188.0	7.8346189323892474
189.0	3.8348778888889474
190.0	16.197053284557416
191.0	13.259149663113796
192.0	6.342931130730127
193.0	8.087853540359875
194.0	30.849824452148592
195.0	25.230494410345706
196.0	21.728279335203023
197.0	15.718274233273721
198.0	7.110631343696744
199.0	31.402256008800347
200.0	11.298512365263282
201.0	24.972932983668443
202.0	8.338437391633668
203.0	9.739165479407287
204.0	12.010249004891822
205.0	25.637683889099883
206.0	21.426283708238373
207.0	27.813790127636427
208.0	24.106224455696243
209.0	20.351740728648426
210.0	23.31886949045305
211.0	21.177332360269567
212.0	12.003446959876502
213.0	27.72141691585798
214.0	26.059958872098267
215.0	7.496433831304916
216.0	21.652610441644867
217.0	29.93209705618609
218.0	2.0643936302036074
219.0	11.187204274181742
220.0	28.683632912423516
221.0	23.64305684217989
222.0	16.735097029723295
223.0	23.4455760522291
224.0	1.8872956427555867
225.0	6.67547508411244
226.0	19.87515350618875
227.0	5.462639968147929
228.0	0.1
229.0	15.067671587639426
230.0	10.956169426139244
231.0	5.940158429195318
232.0	2.295416003173491
233.0	20.24683904239173
234.0	0.9591699142555354
235.0	10.653878806398595
236.0	7.932083057863218
237.0	5.0971730626040905
238.0	16.583864845112757
239.0	21.78472880135311
240.0	20.885284760441586
241.0	9.288595185688777
242.0	2.032377897676688
243.0	17.830638692210997
244.0	21.143239870171463
245.0	11.972107204042974
246.0	4.090594351556593
247.0	27.684210415679132
248.0	9.725050344918976
249.0	21.871553960841183
250.0	23.894166499522527
251.0	13.877086968008896
252.0	1.8184498308999135
253.0	3.288292684342219
254.0	7.377986211105242
255.0	10.968206979928198
256.0	5.629946168115962
257.0	23.710222890138397
258.0	30.641275378574328
259.0	14.46658009159409
260.0	27.002927908224308
261.0	31.866119707646327
262.0	15.220048719816884
263.0	24.424811722105883
264.0	15.320429127015394
265.0	27.861981558639293
266.0	25.76950272448312
267.0	33.8481765051759
268.0	21.525180486052957
269.0	14.244305183702394
270.0	25.74068432520582
271.0	32.368275137551834
272.0	17.700713379417202
273.0	31.338976186288974
274.0	16.195204007878868
275.0	26.004244139350597
276.0	24.617088270235847
277.0	10.562703787888427
278.0	24.27517375925098
279.0	21.670216604508543
280.0	16.245333553348384
281.0	19.822225961990366
282.0	22.210472927334887
283.0	20.771333090407044
284.0	6.486831252897046
285.0	14.877955756783283
286.0	11.610923358718503
287.0	14.183103008232285
288.0	1.3280942343554099
289.0	0.1
290.0	1.0406038778516744
291.0	4.053661240193244
292.0	0.1
293.0	23.56540260954093
294.0	24.36527212356608
295.0	7.263287088490981
296.0	0.1
297.0	9.484421422098833
298.0	23.188927025430885
299.0	13.253379385094934
