0	18.436925966557126
1.0	5.1776938194976685
2.0	14.924672146723434
3.0	20.028266588169025
4.0	20.06525385023027
5.0	9.15061666203383
6.0	12.918196520902326
7.0	8.035738362245372
8.0	15.790854308966933
9.0	11.746347325423919
10.0	6.890255084609565
11.0	19.394700650644943
12.0	15.3786616381079
13.0	11.494005504282931
14.0	12.843529070047147
15.0	16.277788068867586
16.0	14.484937705529122
17.0	13.423591714010389
18.0	8.212824007302205
19.0	18.866360136682022
20.0	20.044518991027175
21.0	8.44931907423031
22.0	12.514791214817091
23.0	8.989309624271927
24.0	20.19626662389051
25.0	13.212823456970778
26.0	13.669367432034264
27.0	17.15929125866657
28.0	11.120926055524539
29.0	8.5739936581608
30.0	13.799877676952935
31.0	12.86036614745894
32.0	8.72060094917305
33.0	16.560636686393973
34.0	8.131525020274857
35.0	13.832513407135476
36.0	17.937351676254007
37.0	21.230722457713497
38.0	9.865055479037316
39.0	17.933437454923023
40.0	21.77417197535687
41.0	8.743719460300646
42.0	11.50976644542665
43.0	19.958798609066516
44.0	22.733637279966093
45.0	13.038556799191632
46.0	10.590437392410323
47.0	10.990130914640506
48.0	12.657537779981174
49.0	9.544067038157666
50.0	10.054614944386552
51.0	22.261297516812014
52.0	18.40059741368648
53.0	22.445666346961097
54.0	12.964619508008955
55.0	22.344343388181098
56.0	10.198812400211988
57.0	17.32797200280861
58.0	21.21853902291464
59.0	9.880634987170673
60.0	16.69605472827584
61.0	19.414359232010284
62.0	17.857068150578353
63.0	14.907341628557552
64.0	21.10667648168654
65.0	10.258037752819984
66.0	11.783509926743953
67.0	21.219507803204813
68.0	14.356517249669523
69.0	19.104425592651165
70.0	9.015899728844268
71.0	7.658907346741918
72.0	15.848989073540663
73.0	11.057553078306128
74.0	11.870813799939581
75.0	11.618995649360883
76.0	19.386137321607947
77.0	17.9224783621231
78.0	8.737578316871765
79.0	13.580228618457928
80.0	20.621457676916982
81.0	20.751713829094545
82.0	19.72229258622241
83.0	13.392866615530037
84.0	18.872940296306176
85.0	6.5821079882214395
86.0	7.408090742808036
87.0	9.03241685076173
88.0	18.91886310539069
89.0	9.601265524965624
90.0	12.515451202166547
91.0	8.81193919417032
92.0	20.10494708472453
93.0	6.878671064749912
94.0	18.784030968311573
95.0	5.01152600169193
96.0	19.397823181026435
97.0	11.534254236828797
98.0	11.351072890021971
99.0	19.481020148498008
100.0	14.465699152386616
101.0	8.970670064227281
102.0	17.87999887510127
103.0	6.651119334936135
104.0	7.2517075744349615
105.0	8.883683724660544
106.0	12.92738044478771
107.0	13.683222000118509
108.0	8.243547934171055
109.0	11.999771348108373
110.0	7.1175419491602145
111.0	9.228089972755589
112.0	16.255643334707
113.0	10.884554915145662
114.0	14.598371373986595
115.0	5.43579496849674
116.0	6.608953028510825
117.0	14.433559803182458
118.0	12.97239585656959
119.0	7.788009778965426
120.0	6.158798708819133
121.0	8.92550439724672
122.0	3.78712017426826
123.0	8.159946742188065
124.0	10.175669941111796
125.0	12.604838040078842
126.0	9.643654483329918
127.0	12.419108051228536
128.0	4.72526853064727
129.0	10.532907697324454
130.0	14.457350385758254
131.0	2.653747489602015
132.0	5.67033072093761
133.0	11.795403681867594
134.0	2.0946944614548446
135.0	3.1230276393975185
136.0	12.949242762087657
137.0	5.653984067568313
138.0	6.740733380623288
139.0	9.559339454154067
140.0	12.746243163901894
141.0	15.441858033261784
142.0	11.691062450453312
143.0	8.854631664421039
144.0	8.360632232957986
145.0	2.2878197271049725
146.0	7.880231789145499
147.0	5.2860829093318795
148.0	11.20142568487521
149.0	3.5796673113814057
150.0	13.594336339270946
151.0	11.54849726549845
152.0	17.184591612874655
153.0	7.379428767962972
154.0	3.974997405706477
155.0	5.89458681043469
156.0	17.292245955145646
157.0	10.141597586185437
158.0	10.254279093787407
159.0	15.475066747837149
160.0	11.244766864848721
161.0	3.700062726335254
162.0	7.839656664903812
163.0	5.174132638787878
164.0	7.1589648361437686
165.0	5.268022007912595
166.0	13.047860166646856
167.0	16.05067038276465
168.0	7.2596905616424205
169.0	11.01162126520093
170.0	14.840009829839182
171.0	7.055822668295107
172.0	3.8593370169558234
173.0	17.748516235976354
174.0	15.64851312380966
175.0	11.986329377074261
176.0	7.254632857572955
177.0	10.020832727805637
178.0	14.382660945083693
179.0	6.343516654244339
180.0	4.832883123893928
181.0	18.950583240666106
182.0	9.123668706965109
183.0	6.981578021600495
184.0	10.139432478242224
185.0	16.618004233116753
186.0	16.32296442814905
187.0	9.35129467477501
188.0	12.24164868733619
189.0	17.27676334985804
190.0	6.33606625868635
191.0	5.561669998830041
192.0	13.307035643357242
193.0	16.035123949921946
194.0	9.302520387541323
195.0	20.082776326880026
196.0	6.71700109016745
197.0	14.302632345192038
198.0	13.816632029596823
199.0	6.924594183055518
200.0	8.194860258468134
201.0	12.186207722420587
202.0	15.98208732366921
203.0	21.072785074346246
204.0	20.561976400474244
205.0	20.27863990325738
206.0	7.1267279114733935
207.0	16.56359891031374
208.0	20.890917028219484
209.0	11.108513838556922
210.0	21.121143811621483
211.0	16.13117259954045
212.0	19.82040398310063
213.0	8.86642925219574
214.0	7.437289413289357
215.0	7.817860706825114
216.0	11.08128053126278
217.0	12.697701211162478
218.0	14.099634464173462
219.0	20.5393339338138
220.0	16.34113770299556
221.0	19.506740153735244
222.0	19.092114867908066
223.0	18.817497720282713
224.0	12.02992279423892
225.0	21.410968363338043
226.0	21.348392856420084
227.0	22.178733272299763
228.0	21.046178397695133
229.0	19.845987503979835
230.0	19.854388252923304
231.0	19.43125549898373
232.0	19.8282624544524
233.0	14.02330933565209
234.0	18.08632901529075
235.0	20.28632682384691
236.0	18.41669967679647
237.0	16.74127534173638
238.0	14.600364766355515
239.0	21.36015392183677
240.0	8.606053733438136
241.0	13.884235355889405
242.0	9.851238374091762
243.0	12.704680693280306
244.0	8.533258152178089
245.0	11.452488191042693
246.0	20.410095172026942
247.0	19.011258771500355
248.0	19.86219935729054
249.0	21.31296322542457
250.0	22.05564176326579
251.0	15.04734997179445
252.0	12.386499785659646
253.0	8.936858231077295
254.0	14.315429709992385
255.0	14.73033914237121
256.0	17.894864201426536
257.0	21.466229274709544
258.0	17.46635750677105
259.0	16.801375053627815
260.0	20.334329479997788
261.0	15.869719775814175
262.0	21.245693536669453
263.0	15.228885107614383
264.0	14.00606078516537
265.0	9.497057925184139
266.0	14.764315944043132
267.0	15.229285239956639
268.0	18.70785195112523
269.0	19.837037849174973
270.0	19.23200282230653
271.0	11.496307169780723
272.0	8.629629889304722
273.0	20.691203034665488
274.0	20.030798837611968
275.0	15.826970836871165
276.0	14.289254311797466
277.0	14.711917398172508
278.0	14.472939851419946
279.0	17.981790783796885
280.0	17.272235863187007
281.0	17.60423419775512
282.0	9.652354455206824
283.0	15.213915574996866
284.0	10.802399591787278
285.0	18.088970928394616
286.0	11.6217073540221
287.0	12.068609578189776
288.0	7.912044969664409
289.0	10.805013068862792
290.0	9.678983015787363
291.0	14.5513574664868
292.0	4.7359496607168605
293.0	8.058214151381211
294.0	17.58688326361221
295.0	12.055509179528924
296.0	18.390797749572542
297.0	9.293352576108308
298.0	11.310503350116333
299.0	9.516929922268773
