0	8.4380041615841
1.0	7.567362265678362
2.0	7.075146501484755
3.0	16.550172943615124
4.0	7.7981567171894515
5.0	7.406017242822263
6.0	8.955159141518116
7.0	10.279419346304959
8.0	19.547827131097236
9.0	14.304783305726176
10.0	12.090952905229448
11.0	7.284089714743185
12.0	10.318363221148148
13.0	7.240948049684236
14.0	13.567225176878276
15.0	11.978363377752167
16.0	19.897692737792188
17.0	12.760660278923629
18.0	21.529891333969818
19.0	11.846187893631406
20.0	18.99449397725497
21.0	10.751550862223237
22.0	19.120269094340916
23.0	22.07655838972808
24.0	12.172384281858783
25.0	15.365341040797976
26.0	9.510394992707628
27.0	20.27419859787716
28.0	22.021464936016184
29.0	11.175589734774675
30.0	12.287619644432713
31.0	19.958506526569696
32.0	18.926424619706644
33.0	16.824918303390618
34.0	10.731687570484958
35.0	18.415665447744328
36.0	16.5507035198906
37.0	12.149571352153346
38.0	8.47310681935081
39.0	17.06128756894462
40.0	13.053240881011368
41.0	9.644874870679882
42.0	18.778838954025154
43.0	9.815961973032199
44.0	15.687094656077111
45.0	8.56957604169828
46.0	16.916923660667756
47.0	14.931863971989618
48.0	10.947479874246675
49.0	21.808234028106426
50.0	20.921863805015665
51.0	14.811643551369151
52.0	17.525819381885952
53.0	18.553958056262438
54.0	20.486692967533408
55.0	14.549567013218066
56.0	17.241751408363264
57.0	13.542689954336891
58.0	17.061514493153023
59.0	22.315015997336484
60.0	14.803446074506715
61.0	8.697010760624643
62.0	19.094803724857037
63.0	9.872689498771898
64.0	10.521334295843559
65.0	19.42804130848603
66.0	16.781083289677973
67.0	17.770877007473057
68.0	7.63887952807326
69.0	19.480335449219684
70.0	17.33714517309465
71.0	13.558247270096446
72.0	20.529184551230493
73.0	8.100389430814744
74.0	12.489403363790853
75.0	9.369501807840937
76.0	15.562662889926552
77.0	10.931041120844597
78.0	17.15953753434941
79.0	16.657726655806627
80.0	16.594992253680633
81.0	21.119024049413202
82.0	16.0762707588827
83.0	14.78899931661618
84.0	14.879227846476434
85.0	9.12559428653609
86.0	11.725424772356646
87.0	14.2127330159913
88.0	6.149524947408315
89.0	17.152777555090754
90.0	11.58026666740071
91.0	7.326662350285616
92.0	18.736642632535688
93.0	7.915008587103785
94.0	16.45505707543781
95.0	9.378997820681814
96.0	12.939356667998224
97.0	8.36606244916819
98.0	18.889990491950673
99.0	5.591502575719174
100.0	15.945774264473357
101.0	4.651705638567271
102.0	5.967944016992066
103.0	4.937801302987719
104.0	4.385747071520785
105.0	17.278936604222686
106.0	14.323279885327338
107.0	5.683554607577727
108.0	4.7793483214209145
109.0	6.912414616848982
110.0	4.704644732318531
111.0	13.62981303303214
112.0	9.154958805156657
113.0	6.719420947693468
114.0	13.49936714087723
115.0	4.081007074601673
116.0	9.430037867245996
117.0	15.670744378257439
118.0	5.677979282725532
119.0	5.661616782766746
120.0	10.84942668171928
121.0	3.802900014503064
122.0	5.921395550773432
123.0	12.546978461092944
124.0	13.798308214477702
125.0	5.495690008620301
126.0	5.731210638032684
127.0	14.405487197441682
128.0	4.03150915358696
129.0	5.245194935950915
130.0	2.855336125316793
131.0	7.400487043710473
132.0	12.376259766050707
133.0	7.8056450828105035
134.0	9.36460426328387
135.0	14.54676037190977
136.0	6.640446750957709
137.0	9.008936679866531
138.0	2.975295325478838
139.0	11.612826925819661
140.0	15.792074484094712
141.0	16.96458253142821
142.0	7.90717631677552
143.0	8.10186069931786
144.0	10.84383077312947
145.0	13.066093258832247
146.0	7.1856199574903865
147.0	13.53120718467409
148.0	10.581755472343627
149.0	7.750746825583439
150.0	7.572397146619218
151.0	11.021100246481659
152.0	4.781127687804274
153.0	5.857336564488188
154.0	14.429404288926625
155.0	12.551357425526797
156.0	6.884474948979541
157.0	13.39133525723549
158.0	7.57738498421253
159.0	12.561331615651584
160.0	9.931315047382334
161.0	8.190626589149986
162.0	7.937713398927306
163.0	15.703827062086209
164.0	13.73567424886387
165.0	11.06665010949251
166.0	16.40653180121684
167.0	12.415080884393703
168.0	6.325726509076013
169.0	14.263599893526287
170.0	17.01012755982952
171.0	10.02135733515097
172.0	14.40896253797412
173.0	14.248034095035129
174.0	10.971091341822083
175.0	4.37715042114404
176.0	5.677922719825507
177.0	6.5013629033521125
178.0	18.237005581323306
179.0	6.055548398667097
180.0	6.560268405760969
181.0	19.057642439464477
182.0	15.307334999925592
183.0	14.811320143651939
184.0	7.775157416357312
185.0	8.233499116815914
186.0	6.253622624330739
187.0	10.643412358480534
188.0	19.028908888141803
189.0	10.316817522190666
190.0	17.450497723404585
191.0	8.753621631027812
192.0	18.71006023124002
193.0	16.055980083903222
194.0	8.773036257438628
195.0	11.70143373934342
196.0	6.690913785234237
197.0	11.34317874307215
198.0	20.135537706227286
199.0	11.619935108587645
200.0	19.374147762686654
201.0	8.685292881569978
202.0	8.808626691362555
203.0	9.997702745233719
204.0	18.716863249577536
205.0	15.561821393460129
206.0	10.960153390480244
207.0	19.611970854460406
208.0	8.16436044664345
209.0	16.352536738371484
210.0	19.985856863955593
211.0	21.362855643896154
212.0	20.618566018236027
213.0	12.662629638784786
214.0	10.812454962169117
215.0	10.327475370350621
216.0	18.949383896319972
217.0	13.929139940328964
218.0	8.018697059609103
219.0	12.368329636718842
220.0	16.15514276949529
221.0	21.186841206168275
222.0	13.975209312509596
223.0	12.664283939568689
224.0	18.74666550597572
225.0	15.412389186578089
226.0	9.61969430012183
227.0	11.677159740140365
228.0	22.168270913964367
229.0	18.15258724128078
230.0	20.160915192139253
231.0	10.105532946440569
232.0	16.656444372377067
233.0	14.534697378881194
234.0	11.152353873014269
235.0	14.308637958599526
236.0	9.995050474308096
237.0	14.294094998098796
238.0	13.30474212829921
239.0	8.451639645772747
240.0	19.871830000055525
241.0	9.034727575065801
242.0	8.357248538144724
243.0	16.34886551447757
244.0	20.10442866982078
245.0	19.028191590112492
246.0	7.909596658855163
247.0	11.47760297306736
248.0	8.893643493060315
249.0	20.119268596915408
250.0	20.341978232344463
251.0	11.348689282085594
252.0	13.209963682684611
253.0	17.665152750565408
254.0	15.535580008653952
255.0	17.5011435607412
256.0	15.299911307312748
257.0	9.917325191681105
258.0	11.023619969807928
259.0	10.409317133586798
260.0	18.555404793704458
261.0	15.335027597424425
262.0	13.726066061058983
263.0	16.025411520355906
264.0	21.660402115802118
265.0	21.289306627223972
266.0	13.221858785990426
267.0	12.972103003936462
268.0	16.58694569767897
269.0	20.249991594186806
270.0	12.582568617617827
271.0	18.047559578690976
272.0	11.197731732337104
273.0	9.211781885771114
274.0	12.431156746611094
275.0	9.826214129873698
276.0	10.566484687124355
277.0	6.197555252682077
278.0	15.367839486052473
279.0	12.385938603952706
280.0	19.85905119619877
281.0	17.005110034254816
282.0	16.846004091331952
283.0	15.91048583544326
284.0	7.861427619473747
285.0	8.085684971046724
286.0	12.277970538132962
287.0	16.288924339638633
288.0	14.287793913612399
289.0	13.983928795195055
290.0	16.345557865480103
291.0	10.274247828905944
292.0	17.163357336400782
293.0	14.77517618108094
294.0	5.013984315467315
295.0	10.936024648279313
296.0	14.967692978109213
297.0	15.11709079552384
298.0	3.5772147537927097
299.0	9.540254947782183
