0	0.5000549732147455
1.0	1.7932561230220763
2.0	1.8142470799869097
3.0	0.44885773077618096
4.0	0.9689390259441464
5.0	2.794460212260882
6.0	1.7235682626718767
7.0	0.8149657764218478
8.0	2.155860114525615
9.0	0.955621108055555
10.0	2.045926105877446
11.0	2.4452189423889603
12.0	1.579759782379087
13.0	2.2534078232959094
14.0	0.9009157816720228
15.0	1.4882454822597662
16.0	1.7887773169723622
17.0	1.412394423549792
18.0	1.402841068915554
19.0	2.6971516097459323
20.0	1.5464314600238604
21.0	1.5659766929730026
22.0	2.2922226927693283
23.0	2.8181243765873387
24.0	1.2820534373145458
25.0	1.0516106479460603
26.0	1.3008051477536051
27.0	1.7040172019979158
28.0	1.8171446789920533
29.0	2.1410146030048014
30.0	3.0283943716375274
31.0	2.502561331492866
32.0	0.8885928233956478
33.0	1.4788499812237297
34.0	1.2408350036269544
35.0	0.5641485334023113
36.0	1.3135946775700447
37.0	0.9896717252064731
38.0	2.083034165522065
39.0	2.7960773676794473
40.0	1.598533020967491
41.0	2.680824789833896
42.0	1.1109710188830009
43.0	3.4343138712131616
44.0	2.512659817465355
45.0	3.265624473360972
46.0	1.576695971020448
47.0	2.4445967800664894
48.0	1.2152989896613144
49.0	1.0120297847930262
50.0	1.337342193492546
51.0	2.733974971937245
52.0	3.6460052594506647
53.0	2.036890354182578
54.0	1.959986068758764
55.0	2.6266491301928747
56.0	2.6775304691821717
57.0	0.8752168516216837
58.0	2.9696944886995467
59.0	1.9045700253989004
60.0	2.115899982696196
61.0	1.439138407239513
62.0	2.484941785463047
63.0	1.6694615733395821
64.0	2.2164736413456465
65.0	2.22009199076882
66.0	1.7325220896248834
67.0	1.8657451604864297
68.0	1.8578457807268425
69.0	3.631321411199397
70.0	3.2300913597681298
71.0	1.031288946049242
72.0	2.269042106166573
73.0	2.2208137532512726
74.0	1.6892460226292556
75.0	2.1236017381681878
76.0	1.1056609908463648
77.0	2.2066515839746694
78.0	1.796002075766729
79.0	1.3725136900994799
80.0	1.0913766922835226
81.0	1.6753401240792973
82.0	2.143018792148183
83.0	1.7980899110609663
84.0	1.7219422001657028
85.0	1.196139079763642
86.0	2.3538538315219855
87.0	2.5847170128783197
88.0	1.0432064571649524
89.0	2.8078095313373774
90.0	1.7347438067344525
91.0	1.5391122648373108
92.0	1.5279652358631102
93.0	0.6718079644542524
94.0	2.8392930202981135
95.0	1.120491675611004
96.0	2.43171010255002
97.0	0.7949370972542893
98.0	0.9218665784436623
99.0	1.0867055087810131
100.0	1.7966719822475659
101.0	2.898343342958777
102.0	1.6488151487413598
103.0	1.5719132204809467
104.0	1.5745921750226266
105.0	2.755100576794185
106.0	0.5859844365856933
107.0	2.089584547682608
108.0	2.2567218775633577
109.0	1.0896167263413385
110.0	2.0349076186206236
111.0	2.0962431266354544
112.0	0.8840893452121112
113.0	1.9803231958605312
114.0	0.7973233080394836
115.0	0.5702220765932299
116.0	2.2332335027552634
117.0	1.4886237078212248
118.0	1.7117719962754236
119.0	1.7772962884156618
120.0	1.7513628213336463
121.0	1.0840664296930456
122.0	0.49340711975931284
123.0	2.9622891848916675
124.0	1.8952480654990471
125.0	1.0674244133309312
126.0	2.3596430433135356
127.0	0.7223240770353675
128.0	3.3877297654572374
129.0	2.2916512812958745
130.0	1.0366746896505605
131.0	1.52577940687108
132.0	0.2281470555075958
133.0	0.1
134.0	3.0469124964259584
135.0	1.11178875522476
136.0	3.328895418935
137.0	1.047719488673696
138.0	0.715231250278656
139.0	1.7526280907184553
140.0	1.2768679553548878
141.0	1.5682742384523245
142.0	1.5830882286362309
143.0	3.1122401202692505
144.0	1.5575679648932876
145.0	2.891465910888113
146.0	1.2705866423301877
147.0	3.8321532324017036
148.0	1.04514713720647
149.0	1.0738050095449665
150.0	3.2242668779696473
151.0	1.9790165869918512
152.0	0.3450462194423449
153.0	2.5169671985931883
154.0	2.85550744423984
155.0	1.4476490485615117
156.0	1.9203573419164894
157.0	1.9943398689664134
158.0	2.57083477880351
159.0	1.97419968841302
160.0	2.5200524710156085
161.0	0.8780192401275908
162.0	2.3911391803267326
163.0	2.9476833205457584
164.0	2.9747235408666537
165.0	3.018090358364761
166.0	1.2996600046569249
167.0	1.244665281384477
168.0	3.2129932259945164
169.0	1.640121681883658
170.0	2.2977498552250015
171.0	2.2269181155846676
172.0	1.5007425336234905
173.0	1.7099507320778427
174.0	3.038637333202266
175.0	2.6346627256063178
176.0	1.084732316166404
177.0	3.0717027768730416
178.0	0.6533100430196976
179.0	0.40477261474502796
180.0	2.755224561704604
181.0	1.0910175450998434
182.0	1.6796502176761987
183.0	2.2975818101025207
184.0	0.9647753704616315
185.0	2.0888921537479463
186.0	2.1000234248625254
187.0	1.7865264217423331
188.0	1.9428027412993627
189.0	2.867889952688216
190.0	1.9140587122029928
191.0	1.5097000589302323
192.0	2.7524825921574814
193.0	2.663699159127549
194.0	1.2635883652957711
195.0	1.416503233322067
196.0	0.1
197.0	2.5272458226146752
198.0	3.065452129034716
199.0	0.8166317710947922
200.0	2.83852107902809
201.0	0.6374743153211412
202.0	3.1731498045572226
203.0	2.9003030147453646
204.0	1.7744766490028057
205.0	2.567610965503653
206.0	1.4841555085383198
207.0	1.7196216346904354
208.0	0.7049081112392535
209.0	1.3442600980231407
210.0	2.166632133774096
211.0	0.3280687425025892
212.0	1.1968029457096043
213.0	2.296746682088965
214.0	1.663549132161099
215.0	0.5109698666449817
216.0	0.5494283940037831
217.0	1.9596161764067979
218.0	1.423577503311308
219.0	0.8844751833233948
220.0	1.634123512046017
221.0	1.9244100586854824
222.0	3.5317050930911305
223.0	1.0861411444178444
224.0	0.3327925956302945
225.0	2.4193417968303566
226.0	2.396187730237521
227.0	3.107903016275077
228.0	2.497173394417038
229.0	0.761243774824268
230.0	2.3957827414358954
231.0	2.7458520706663876
232.0	1.4127393332449554
233.0	2.0176145523589155
234.0	1.465484969356339
235.0	1.8439641385400196
236.0	1.9638916201276517
237.0	1.0926245784396755
238.0	1.5337734142860922
239.0	0.8312608142144671
240.0	3.1009422195332834
241.0	0.6424357303547769
242.0	0.7497605089654409
243.0	2.0244328548167028
244.0	2.8132983970757235
245.0	1.4101029486999423
246.0	1.3625649528735628
247.0	1.9688815411785516
248.0	1.0861219835492908
249.0	0.5154686918602529
250.0	1.7403971098496573
251.0	2.178220355469482
252.0	1.1410305727345147
253.0	1.363392244156495
254.0	2.7533464977460245
255.0	3.203542344421073
256.0	2.438486874554636
257.0	0.5405550768205916
258.0	0.3780574826067071
259.0	0.8931849601109008
260.0	2.5441154589853365
261.0	2.070638020807948
262.0	1.9151108465180413
263.0	1.88741565283504
264.0	2.3271236231687724
265.0	2.2283400011677883
266.0	1.2960374047899192
267.0	2.742770726294861
268.0	2.0416615208913704
269.0	1.6883622260349986
270.0	0.8217980736024992
271.0	2.3733499335370687
272.0	2.083815154357651
273.0	1.7418330493308454
274.0	3.142982932932362
275.0	0.9607577467410782
276.0	0.10787526102009076
277.0	2.4204488298368863
278.0	1.9393293645192025
279.0	1.4919362157857048
280.0	2.303086272509143
281.0	1.902389598028072
282.0	3.125112558761344
283.0	2.728900613475505
284.0	2.8892162605706995
285.0	2.043520620897774
286.0	2.3226063558893624
287.0	3.0064620216264655
288.0	0.1
289.0	0.3247294179908696
290.0	2.2821300086211966
291.0	1.6175166970172452
292.0	0.32069433239378026
293.0	2.3258969145060537
294.0	1.8027634240706538
295.0	2.2644127746392844
296.0	2.5013793348704594
297.0	2.2398406306373966
298.0	1.6799977135358475
299.0	2.347261768889804
