0	10.177622129434209
1.0	5.206619612285612
2.0	6.743023209257289
3.0	5.395072769950696
4.0	5.185045636663075
5.0	10.799367736241745
6.0	14.195642176859343
7.0	14.268779617267926
8.0	9.662583589162681
9.0	13.346162627407997
10.0	8.769351009906517
11.0	5.66216279165991
12.0	8.500909097560948
13.0	11.911533660516927
14.0	9.665734685511088
15.0	10.697304289114713
16.0	5.1003068269695895
17.0	7.587141791239117
18.0	5.270067248522253
19.0	6.57481281903283
20.0	5.490556481692362
21.0	11.18707991061966
22.0	13.2258218598653
23.0	10.50920776714235
24.0	4.767853406117898
25.0	7.905026903372438
26.0	6.38249632781808
27.0	6.678345088040388
28.0	10.595534799478624
29.0	8.240345471763648
30.0	10.897701400185166
31.0	9.243881967787804
32.0	9.593509136988104
33.0	3.680106871783096
34.0	7.1068985826025
35.0	9.681165490048384
36.0	12.419336079352947
37.0	5.485081078374706
38.0	10.526990802514764
39.0	7.943435095008948
40.0	12.368052115518836
41.0	14.049674591969117
42.0	5.291305321565719
43.0	5.862192641694824
44.0	8.490324398746065
45.0	14.466340895957028
46.0	2.955649087231754
47.0	9.096702812290433
48.0	9.206506878286165
49.0	9.842527412596814
50.0	8.192425059814255
51.0	7.619397375172046
52.0	11.116745366240501
53.0	11.7749288341826
54.0	10.772511555516699
55.0	14.624736236620318
56.0	8.922061132340737
57.0	9.919348297533556
58.0	6.455529992414475
59.0	10.359811384774396
60.0	6.664670945980083
61.0	12.369028002081553
62.0	11.846412666300411
63.0	8.550341301100543
64.0	9.370417355017505
65.0	5.19698880000434
66.0	9.017276245777433
67.0	13.113691709005579
68.0	13.059634138641776
69.0	13.903549118573304
70.0	6.74449520057948
71.0	9.39042694000327
72.0	11.133552539068678
73.0	5.749369990036891
74.0	5.210974035127531
75.0	7.552542310646159
76.0	6.521347243766592
77.0	9.788232936318769
78.0	7.481065015778063
79.0	8.091252847838843
80.0	12.39963751837668
81.0	4.370176336785141
82.0	13.065698892522985
83.0	6.3392624020976776
84.0	8.920742748640816
85.0	11.335488884095478
86.0	9.692120793731423
87.0	13.263598361733495
88.0	4.382455080362541
89.0	5.999182869557958
90.0	12.000794895559471
91.0	12.263725813099171
92.0	9.008140160043524
93.0	7.685095629958052
94.0	5.84758146822167
95.0	6.700161456923691
96.0	11.146350916937841
97.0	12.569700793258482
98.0	10.433048494369356
99.0	13.567990146965508
100.0	11.210675941626564
101.0	12.736316487133742
102.0	14.29593070418343
103.0	11.723426560368548
104.0	7.788539141450759
105.0	8.525986188707716
106.0	6.712843186829805
107.0	8.550351987361273
108.0	13.737629006417645
109.0	8.904911494425606
110.0	9.101251521461197
111.0	10.775496679766972
112.0	3.8415056863775803
113.0	13.018129735438585
114.0	12.175677971232583
115.0	12.08360572818479
116.0	6.612686144811807
117.0	11.52425910139132
118.0	8.767287620960522
119.0	10.331887638697674
120.0	8.968494436069
121.0	4.6827564096658065
122.0	9.38363517106474
123.0	9.932807997846265
124.0	6.428490521952638
125.0	9.636623486776044
126.0	10.19264052313823
127.0	10.34763566741924
128.0	11.928607063046234
129.0	12.176102170076577
130.0	7.4780575973581485
131.0	10.866414406899462
132.0	12.169054961203845
133.0	7.56829844760085
134.0	6.412694058533141
135.0	11.749377242942922
136.0	12.582593626432532
137.0	8.628750517777155
138.0	9.932920934359998
139.0	5.23163511731096
140.0	8.86689888271672
141.0	6.827991782552858
142.0	11.439865971052567
143.0	9.976780998249755
144.0	10.98618290043864
145.0	12.845806492500685
146.0	9.179326849148035
147.0	6.470577492526497
148.0	8.406364018946103
149.0	13.33400368542318
150.0	14.472294406557818
151.0	14.882575702551183
152.0	13.126065334596847
153.0	5.454087212633581
154.0	8.54926124211563
155.0	11.668806203543328
156.0	6.982731920329605
157.0	7.588362511780049
158.0	12.976348541938753
159.0	7.944536704773981
160.0	9.195517760920827
161.0	4.866790536953479
162.0	9.091654867382173
163.0	6.793081729158579
164.0	9.815664982455008
165.0	10.87132938001488
166.0	15.037408240023161
167.0	15.133708856861043
168.0	8.906699959075853
169.0	12.333943262246892
170.0	12.580683425192504
171.0	14.226780857043828
172.0	6.696403155542207
173.0	5.564615497744786
174.0	14.936983501810293
175.0	11.738184130827928
176.0	9.328517644005297
177.0	4.577244282926408
178.0	12.361898138138116
179.0	10.435010698340651
180.0	12.374946133602831
181.0	13.429699936730154
182.0	13.401157788887842
183.0	9.332796396342811
184.0	8.451520342685534
185.0	13.201864254517082
186.0	4.8848209152226785
187.0	6.83652314638897
188.0	7.347936812552138
189.0	6.20568963052558
190.0	13.278417150606343
191.0	14.42245938267909
192.0	7.406022569924992
193.0	6.160019154553066
194.0	5.128358615808489
195.0	13.771476052170813
196.0	12.593785261824824
197.0	7.614592721662525
198.0	10.093831333091376
199.0	12.498135930351825
200.0	13.458027990255808
201.0	14.17666310932978
202.0	14.77320343598307
203.0	4.898939461999278
204.0	15.624658658002879
205.0	8.24159610151305
206.0	15.377628136202079
207.0	8.477615150824455
208.0	6.13830610803063
209.0	6.358415514055485
210.0	6.177317123757899
211.0	14.087833025993406
212.0	13.0186454146088
213.0	16.110002783425244
214.0	13.860058127085614
215.0	7.633707473984877
216.0	11.528398672668473
217.0	12.16477971289258
218.0	12.695186366534884
219.0	9.376667128124335
220.0	7.001904306665409
221.0	11.920544471229944
222.0	8.793472001486665
223.0	14.163448972004215
224.0	8.17459411214227
225.0	11.76981853363344
226.0	15.532496772615186
227.0	8.492121555151783
228.0	11.265508553882603
229.0	14.023914472899362
230.0	12.111755571715724
231.0	10.382202122383127
232.0	14.589320871914094
233.0	12.96754686839126
234.0	12.120930314609303
235.0	9.172383426586755
236.0	5.198936236325902
237.0	6.926777998252234
238.0	8.409876624477214
239.0	9.427684442825457
240.0	11.72732832853283
241.0	9.81300370233085
242.0	7.338680227098262
243.0	12.359166619619646
244.0	8.570742579176784
245.0	11.375798290347698
246.0	4.092180213358106
247.0	10.936440580647243
248.0	14.001724984899699
249.0	6.252168721746559
250.0	7.917247033994114
251.0	9.487613796142442
252.0	13.92574015164826
253.0	6.688782309168576
254.0	9.41894703628196
255.0	5.294276128053028
256.0	4.6264435103356405
257.0	5.669901723986676
258.0	8.464681510490268
259.0	7.600445021166749
260.0	10.221674539191964
261.0	9.756628537707298
262.0	15.0582446452799
263.0	9.52729248403716
264.0	13.673111543180916
265.0	11.595870419685298
266.0	7.945998698611604
267.0	5.847834207749537
268.0	8.052192349608893
269.0	12.388747998176541
270.0	7.409381390026491
271.0	12.489794864734385
272.0	10.329421911462308
273.0	12.753727850077873
274.0	14.180083442022466
275.0	4.3677565438495956
276.0	9.054834143094695
277.0	15.041331044576355
278.0	8.734392488462452
279.0	11.455925268431288
280.0	8.680980490907523
281.0	7.022636823882836
282.0	8.791463860131326
283.0	4.575760029998458
284.0	5.724851421353873
285.0	6.208838295512986
286.0	12.348891003184598
287.0	14.151837527424487
288.0	9.902011881714706
289.0	10.114084283655838
290.0	12.77357705498901
291.0	10.198697451199102
292.0	7.514856150444546
293.0	10.012026486982595
294.0	9.568061475548285
295.0	8.818963678900191
296.0	12.527893554782747
297.0	6.495679250197107
298.0	12.246288401003621
299.0	12.839328264690653
