0	18.949723514448973
1.0	23.38677599904907
2.0	17.300890048369343
3.0	15.611375290413877
4.0	19.86818527574444
5.0	12.107128448538443
6.0	13.410273851431473
7.0	14.475523975578334
8.0	5.0353179238346275
9.0	21.75177276752475
10.0	21.672682596657445
11.0	29.94933389036468
12.0	9.068399404218672
13.0	17.179668771229704
14.0	31.26318279675624
15.0	10.771906034319954
16.0	22.29245290831387
17.0	8.032935592081014
18.0	7.000474913137813
19.0	27.795338698016103
20.0	22.146891977466463
21.0	23.99964957616978
22.0	5.72659191821368
23.0	18.644802755760455
24.0	18.562159037854286
25.0	23.735208532047594
26.0	20.886927276786952
27.0	8.437242376714238
28.0	17.61580343328732
29.0	4.197404989383967
30.0	27.916978713970245
31.0	5.298429964383484
32.0	1.825833789011877
33.0	16.383431240398338
34.0	7.770503909705186
35.0	0.1
36.0	20.837609147432072
37.0	16.002220045164698
38.0	8.737383317793437
39.0	18.58543567173133
40.0	11.723006454753353
41.0	20.405204837546826
42.0	3.794038182383784
43.0	12.263102370720162
44.0	16.973838442296746
45.0	9.26750149913745
46.0	3.319463934406876
47.0	13.58549616155161
48.0	14.148914058373553
49.0	18.996496255257178
50.0	3.252510952284556
51.0	4.735958458768451
52.0	24.804203502510383
53.0	12.754428087371505
54.0	23.474345142393467
55.0	17.964948306214314
56.0	17.863576626869094
57.0	5.345373863346413
58.0	16.223589165282256
59.0	7.6581705465751035
60.0	14.61129510126598
61.0	3.3331783272822433
62.0	23.333631478449988
63.0	1.1880973104182206
64.0	5.25761115286733
65.0	23.917856099097005
66.0	21.442363048269865
67.0	29.48268408583472
68.0	18.89468196131087
69.0	17.74856017098386
70.0	15.33220074370562
71.0	31.056548104595482
72.0	17.687582308055937
73.0	16.450963508934613
74.0	6.250026079767183
75.0	29.930947215836802
76.0	20.63888873871977
77.0	11.677292536392947
78.0	31.339942137322137
79.0	30.430012613363054
80.0	15.897048220276428
81.0	16.767077390961926
82.0	31.46059902960451
83.0	25.198285296876005
84.0	9.579050563042417
85.0	8.213612983352935
86.0	32.354803447634346
87.0	28.612199825793027
88.0	24.11602547170996
89.0	9.08756279096848
90.0	26.35267155074108
91.0	31.173507610107755
92.0	20.057387749037606
93.0	28.923826984806396
94.0	3.3551378229037927
95.0	18.097730771074378
96.0	7.484762282179105
97.0	6.155583982242534
98.0	27.937291685028633
99.0	6.2919511971336535
100.0	0.1
101.0	16.142399815015573
102.0	5.140982501925087
103.0	0.7077382168901738
104.0	4.854060996117714
105.0	8.947620745648532
106.0	20.460613227919442
107.0	0.1
108.0	0.1
109.0	11.451036516345646
110.0	21.47835659661051
111.0	10.973260524541258
112.0	0.1
113.0	9.185577140475882
114.0	11.92985468761623
115.0	15.415139547844145
116.0	3.8294345409488564
117.0	23.098297169687065
118.0	21.225529196113772
119.0	8.166116151218576
120.0	14.920803453808915
121.0	12.931438110521988
122.0	20.662427499492726
123.0	27.13919003972123
124.0	11.133089732985356
125.0	3.755206907378762
126.0	5.306918905281609
127.0	3.4291385375225065
128.0	3.5260628283518534
129.0	10.38605729653152
130.0	5.2701824917442766
131.0	10.275793301301409
132.0	16.327946949701147
133.0	26.906113659257056
134.0	29.153884952011893
135.0	29.97660961602856
136.0	14.211448294019782
137.0	33.900449313078305
138.0	9.354788867148415
139.0	26.54606516496044
140.0	14.11259127280076
141.0	31.948999299689344
142.0	27.21216849609459
143.0	33.34891087900417
144.0	33.58844100833213
145.0	18.28331418550755
146.0	29.736773940375556
147.0	22.29598224163326
148.0	28.366947009146564
149.0	16.509361773141237
150.0	10.856404623467567
151.0	7.614863980806832
152.0	11.840504251762649
153.0	25.358279648503466
154.0	26.279095813601106
155.0	23.52329413117332
156.0	13.53700759001658
157.0	15.899463869726171
158.0	21.48682241385906
159.0	6.175740756153384
160.0	17.349807664936545
161.0	0.1
162.0	18.161948693504485
163.0	9.954164655330977
164.0	0.290961026201344
165.0	21.59544428779948
166.0	9.091037813296222
167.0	6.4251597786515084
168.0	0.1
169.0	18.93387714503603
170.0	4.561413988581651
171.0	13.28867560575943
172.0	22.703576625581192
173.0	11.137204896890438
174.0	10.592163705565522
175.0	19.03339858115848
176.0	20.047187867445807
177.0	6.111783771232793
178.0	20.371553509144746
179.0	21.396536048451274
180.0	5.059677375051809
181.0	0.1
182.0	24.47544909396879
183.0	16.146951353763498
184.0	19.262108669670386
185.0	9.094178784243276
186.0	27.955922209052993
187.0	13.765342329337246
188.0	8.621206346108604
189.0	6.530887734263662
190.0	9.223465019567696
191.0	8.687449053910015
192.0	25.111329657415883
193.0	11.833237490601299
194.0	16.37225514463681
195.0	8.705399149841753
196.0	13.866756202936998
197.0	29.15276111399358
198.0	6.157043386695373
199.0	33.88970796543863
200.0	18.17321536894874
201.0	19.113249337659973
202.0	15.841305199153151
203.0	18.497403098421998
204.0	21.183647624334558
205.0	25.88445832460091
206.0	33.77897446697246
207.0	34.586222155629414
208.0	21.94332866010174
209.0	24.89176493599466
210.0	25.582645179497202
211.0	27.404471551398323
212.0	6.098918628268462
213.0	24.248503587344437
214.0	12.818346884508394
215.0	11.431330115278229
216.0	26.3016681694978
217.0	13.124033827959895
218.0	20.138739325919744
219.0	10.910136598343218
220.0	1.3263020758283064
221.0	27.870652522609237
222.0	26.87393615001392
223.0	21.403173256561594
224.0	0.8914648647815329
225.0	15.005413946013975
226.0	10.133994727551812
227.0	7.279300342587396
228.0	15.584802290920614
229.0	14.832780162151911
230.0	10.46070259672993
231.0	10.569064577075409
232.0	0.1
233.0	24.24796432993671
234.0	8.918502366275924
235.0	19.84790796525202
236.0	21.947857379078915
237.0	22.2387881285836
238.0	0.1
239.0	1.30126937154796
240.0	17.799104471647276
241.0	4.78168320796836
242.0	19.26684468489645
243.0	5.146827024524169
244.0	17.4823679395964
245.0	24.770258670000153
246.0	0.1
247.0	3.6399817805602286
248.0	25.69312717764893
249.0	22.67380201430153
250.0	15.55288789861202
251.0	27.76870066460582
252.0	17.674604391965463
253.0	28.03593418351311
254.0	18.879990128980715
255.0	11.521791296527281
256.0	12.0297888136943
257.0	26.58421722122304
258.0	32.11659149021529
259.0	21.906743627378354
260.0	21.572368050302657
261.0	15.548890640935827
262.0	8.492346863590834
263.0	12.069672773827417
264.0	23.755038515542264
265.0	6.826832914943205
266.0	33.978485910141714
267.0	7.688724619578078
268.0	9.476072894662808
269.0	13.115130942610147
270.0	20.098547576612113
271.0	18.333484816960834
272.0	7.5084280798794705
273.0	14.30141471029473
274.0	12.030477348489093
275.0	27.825932777389554
276.0	7.48090278691612
277.0	21.1013761203408
278.0	30.579588878056747
279.0	17.73352651753679
280.0	25.097714413990957
281.0	11.94507887483227
282.0	17.200196860328663
283.0	27.514896131693572
284.0	20.69124578552477
285.0	26.34884857990954
286.0	24.89146031157549
287.0	20.27696009705065
288.0	27.232283129280034
289.0	18.081678879392452
290.0	14.571420809745241
291.0	23.078985608756682
292.0	5.2310531669824485
293.0	0.1
294.0	0.1
295.0	24.529492825722635
296.0	8.572754023213843
297.0	13.159787375253934
298.0	17.82543073246466
299.0	23.404774321126716
