0	7.796946132988824
1.0	8.233663028279617
2.0	11.174393711365113
3.0	10.050172558522092
4.0	13.52998726983285
5.0	8.609758711505735
6.0	10.215840168269608
7.0	14.12966836344382
8.0	12.409719921874093
9.0	11.875782435966435
10.0	8.707644228919401
11.0	7.96578794290378
12.0	8.04918136329467
13.0	4.453527267231419
14.0	12.471634268423017
15.0	10.117971233567136
16.0	12.594575640754732
17.0	15.35621148871747
18.0	13.75335557065513
19.0	7.3178807608350205
20.0	7.495214195640241
21.0	13.040486223607983
22.0	11.713377521938822
23.0	8.420475889265013
24.0	11.93715899627637
25.0	5.958497656639805
26.0	6.49457655419859
27.0	9.046973434025201
28.0	8.206619032771936
29.0	5.71028863812049
30.0	3.163763595749095
31.0	14.297672389944466
32.0	4.398158780001907
33.0	15.342048059285238
34.0	8.489949400840716
35.0	12.563164356570734
36.0	13.295442048027384
37.0	13.810270132822211
38.0	10.072630220176952
39.0	11.576843307718
40.0	6.617092849914471
41.0	8.407889097389361
42.0	11.617749007671257
43.0	13.323495110327464
44.0	8.06819477572117
45.0	10.604660839498692
46.0	6.464894808342852
47.0	14.202070162679057
48.0	13.426287756280626
49.0	9.51890817918064
50.0	7.877573986299292
51.0	7.620393318127594
52.0	10.021810332776088
53.0	7.153506677572709
54.0	7.5740491767476446
55.0	14.709506090287084
56.0	11.802856054964783
57.0	5.578357668405607
58.0	10.520064144773176
59.0	6.120848773877301
60.0	14.58850023812453
61.0	13.980105944134566
62.0	9.922705553262517
63.0	5.566966050115498
64.0	11.353482420216254
65.0	12.66104817641855
66.0	13.710165810749995
67.0	16.652058371642145
68.0	9.717983904789897
69.0	12.037165135036261
70.0	8.10865812736161
71.0	7.882129845601032
72.0	10.18142249281115
73.0	15.19348229905304
74.0	7.60385733038676
75.0	15.680081807445854
76.0	9.86181426190224
77.0	8.914311129727217
78.0	11.331081510049733
79.0	8.258992684375311
80.0	6.286075622580314
81.0	8.346648180521854
82.0	14.81254395525612
83.0	13.885464269980053
84.0	13.360466263950885
85.0	11.879967225986368
86.0	8.60438347155094
87.0	6.497119893020811
88.0	6.483707480587272
89.0	5.584714502538905
90.0	8.274463276224928
91.0	8.931578543581544
92.0	14.260350404301535
93.0	7.953345164781808
94.0	3.989343296187015
95.0	15.72804712869581
96.0	6.584539088009613
97.0	10.012210064507448
98.0	8.451042422254174
99.0	11.2099823203539
100.0	8.669737165951918
101.0	6.491484295621944
102.0	10.264995844464032
103.0	10.230127874141607
104.0	5.8236756350079455
105.0	8.134296427176963
106.0	13.798610673905563
107.0	10.869455792363702
108.0	14.122406597756308
109.0	10.058475274687959
110.0	8.836948048386487
111.0	11.599844417621156
112.0	8.76433851034676
113.0	6.27507872653523
114.0	8.093137568530926
115.0	5.873974376675085
116.0	13.406172043432743
117.0	12.287898772415158
118.0	16.78130567732544
119.0	6.380113063051613
120.0	11.246158855443491
121.0	10.918925394633362
122.0	7.153149718968627
123.0	8.003157469841216
124.0	5.006401763683999
125.0	11.698193059557799
126.0	12.06506797703636
127.0	15.686258333841508
128.0	9.075085013855555
129.0	11.626507783252281
130.0	7.738037619892302
131.0	5.775048825213312
132.0	14.910470049127637
133.0	13.58060212822937
134.0	11.068357013365803
135.0	5.38919635887238
136.0	5.824964128308048
137.0	6.716741090037569
138.0	15.75521289805941
139.0	6.254836951055676
140.0	11.052983476610896
141.0	12.353805719511366
142.0	5.794801378944583
143.0	9.156026163379048
144.0	7.4976083582482485
145.0	8.820204439309865
146.0	9.123752370183356
147.0	11.720389321968822
148.0	8.618134284789505
149.0	7.32110492191995
150.0	11.580120170869328
151.0	8.615126341249418
152.0	8.666834279067515
153.0	11.268839792638143
154.0	9.584143888795568
155.0	6.222813949111073
156.0	7.177331143534867
157.0	10.778955207784286
158.0	15.265408140243263
159.0	16.376195379768184
160.0	12.756080866261325
161.0	11.809601309977118
162.0	6.792933435712354
163.0	6.87528213918871
164.0	12.513896446300722
165.0	9.611040392270798
166.0	13.454172507218194
167.0	7.763904645788641
168.0	10.224293965720715
169.0	11.911484080027355
170.0	8.132497306478223
171.0	12.628226034416903
172.0	15.587910210120706
173.0	6.436184525442921
174.0	10.050439455236555
175.0	14.72313190974313
176.0	10.091602019660824
177.0	10.49998147705805
178.0	9.33820092109426
179.0	7.943453950563237
180.0	9.9879871058349
181.0	7.8117740425479
182.0	6.324492384158121
183.0	13.977511036435583
184.0	10.118492184749677
185.0	5.032979800374461
186.0	12.246207531999463
187.0	12.654438805611822
188.0	6.995576825687753
189.0	12.668054498613031
190.0	6.261824641599329
191.0	5.431467699282321
192.0	9.206379442898049
193.0	11.267283491860441
194.0	5.3489095305364796
195.0	4.823160373262731
196.0	8.2828591522992
197.0	5.335138155634972
198.0	4.6085408119972975
199.0	13.00186571309951
200.0	7.907811712655743
201.0	10.796847333011277
202.0	14.979097226208822
203.0	3.8721635258152123
204.0	14.053092468539711
205.0	7.178747950474017
206.0	15.766421474650453
207.0	8.761852146440631
208.0	6.0387305633526465
209.0	9.575775192506613
210.0	6.855152088605309
211.0	14.936133277601206
212.0	10.31379317558675
213.0	7.6604114327219275
214.0	7.270989726708726
215.0	8.687775845747208
216.0	11.2453978720585
217.0	10.08887247624777
218.0	12.151535550615897
219.0	9.484893148214098
220.0	6.342561736777755
221.0	7.245067498811279
222.0	12.634302179813364
223.0	12.774035208571663
224.0	7.336205835601007
225.0	5.382895724338541
226.0	6.9530640869548455
227.0	7.54538535218428
228.0	13.470555136229244
229.0	12.530227687375099
230.0	12.501488318479554
231.0	9.621705780158317
232.0	2.6259035234865213
233.0	6.225658968045226
234.0	12.944636547367102
235.0	8.814984920524564
236.0	11.81967741805
237.0	12.10818971905911
238.0	16.028042170529872
239.0	5.177541521452837
240.0	13.866670660988314
241.0	6.6764095912532335
242.0	5.0842750123825615
243.0	8.778153331066852
244.0	11.911297732189531
245.0	8.942875428166792
246.0	12.755588656736803
247.0	11.122510563575965
248.0	9.439687368157717
249.0	7.659133676985448
250.0	11.885052719867776
251.0	13.00709051477085
252.0	7.28486008988685
253.0	5.241739344498263
254.0	7.037526320832349
255.0	15.195927888404759
256.0	5.69432854209824
257.0	8.847124905780452
258.0	14.409782711849477
259.0	11.31186348084265
260.0	14.236783148165461
261.0	6.51215738586809
262.0	7.221982650058843
263.0	14.13059724907979
264.0	13.740250964346748
265.0	9.877471415389385
266.0	12.433588797491714
267.0	10.824925655969398
268.0	7.558872756913704
269.0	10.83454787305927
270.0	7.8951274080785545
271.0	13.245380223126588
272.0	8.094197614256537
273.0	8.350141702192378
274.0	9.33676545826832
275.0	14.254960518296839
276.0	3.7508796474961765
277.0	9.215508291876615
278.0	10.366733613863376
279.0	10.873930222466452
280.0	11.933647220944351
281.0	13.007652992801773
282.0	11.583554753171711
283.0	4.785247412796949
284.0	8.713225390347553
285.0	10.135640061960247
286.0	11.167475461096144
287.0	6.7134104643225525
288.0	7.285158905907233
289.0	10.365328791878682
290.0	11.399599406800792
291.0	14.748478360196334
292.0	4.882471153922626
293.0	8.61277190738826
294.0	12.613246779827183
295.0	8.205767894296477
296.0	5.894579730188428
297.0	7.961857312018499
298.0	12.102257209777822
299.0	8.210040432304773
