0	46.70852379847081
1.0	3.375661347238445
2.0	39.879570937424894
3.0	12.000541782715558
4.0	49.36397300951152
5.0	14.09895859165088
6.0	6.368596586339876
7.0	18.217092843238657
8.0	16.09095177450086
9.0	41.174624133669745
10.0	18.96163448812654
11.0	6.8146918438920325
12.0	43.82076243693944
13.0	39.934543471397056
14.0	29.194386800294126
15.0	43.171830216557645
16.0	45.786796498125746
17.0	34.712841931508656
18.0	11.614781035737822
19.0	21.598780600386146
20.0	24.13009898735526
21.0	16.433359098994714
22.0	13.200779404753815
23.0	8.601425643606744
24.0	18.212740735032973
25.0	31.08641370571181
26.0	38.491837532502714
27.0	35.96579346047653
28.0	27.517734743347283
29.0	38.855187296181846
30.0	18.085468888576294
31.0	49.06170080721893
32.0	46.20966101244854
33.0	31.966701121925173
34.0	32.0425612704652
35.0	31.011861646419664
36.0	32.56617667546735
37.0	9.939501366581709
38.0	33.80895380947234
39.0	12.953458206664372
40.0	30.27356455734573
41.0	15.99886766812881
42.0	29.256331576584657
43.0	17.6546890146056
44.0	5.850054299886297
45.0	16.536027179545542
46.0	25.977581174996757
47.0	24.94398125724981
48.0	17.29438959293281
49.0	33.147270939349596
50.0	36.60772453590734
51.0	18.636295129755833
52.0	33.12474789198504
53.0	46.587162342776864
54.0	14.19247550155629
55.0	8.042096067195834
56.0	26.908512863946463
57.0	37.61001144470157
58.0	29.075547580599515
59.0	26.434657857527274
60.0	30.19446871190776
61.0	18.347104402622193
62.0	19.37304363467717
63.0	41.68364170586676
64.0	10.079327517951867
65.0	31.048700103721675
66.0	16.6222727791201
67.0	30.825467866739658
68.0	29.631386022593986
69.0	7.013378022867319
70.0	32.890551368941644
71.0	34.72390290610647
72.0	19.923665158901464
73.0	36.60683350088439
74.0	16.49914667017105
75.0	23.52995552697221
76.0	46.322744141725906
77.0	19.947645886836412
78.0	15.039958983306212
79.0	32.820792712469945
80.0	45.333455497432155
81.0	26.5329399771627
82.0	14.842531737678621
83.0	31.412510680284996
84.0	47.559400365295524
85.0	34.29438869052787
86.0	13.48228757725015
87.0	25.992733216559706
88.0	24.11019095843432
89.0	14.218085036924224
90.0	35.400990599098975
91.0	34.91149298391417
92.0	35.641493865797855
93.0	25.64559754094336
94.0	27.628684827247582
95.0	32.04306548256656
96.0	29.64518946315161
97.0	10.856283135634364
98.0	2.5901481711903074
99.0	40.01972641293163
100.0	46.42375067824671
101.0	21.588017469397034
102.0	32.364005306446685
103.0	15.602507603148101
104.0	32.13670938492534
105.0	30.227148380878397
106.0	45.69002689157859
107.0	6.342598360829208
108.0	40.60273990992411
109.0	38.126726757944525
110.0	42.58785951833272
111.0	35.48765345447401
112.0	21.953187549433345
113.0	11.28219450727881
114.0	10.603737419995527
115.0	32.935413331840564
116.0	16.460904473564625
117.0	9.564625037773494
118.0	12.492324438595922
119.0	40.501720799477496
120.0	23.43981959257544
121.0	12.365798496541727
122.0	11.56486223501101
123.0	46.48174003586541
124.0	22.51380728210112
125.0	46.62549393528554
126.0	17.31856127462506
127.0	38.0456353453114
128.0	10.897309375459452
129.0	22.592440222057796
130.0	19.901457362945244
131.0	42.49436981700166
132.0	15.919253019321351
133.0	19.733353156323517
134.0	29.997610977539043
135.0	46.32106946944738
136.0	32.03837923283879
137.0	8.832147913569417
138.0	36.72571447096736
139.0	25.325857633779954
140.0	47.77914129769121
141.0	33.17181933767979
142.0	26.65581613380993
143.0	22.27086163807411
144.0	22.816824732214307
145.0	7.388182885012229
146.0	27.94414010862514
147.0	47.06313153256146
148.0	24.074982004736583
149.0	38.270239276370646
150.0	39.10522430030113
151.0	5.204857729960546
152.0	10.509901335694734
153.0	27.244448932353986
154.0	47.467256459126006
155.0	36.336673187902306
156.0	15.40087737150293
157.0	41.46535211274373
158.0	20.510241149390453
159.0	18.202154116648327
160.0	17.73616237102086
161.0	45.67573389038639
162.0	45.327679302390386
163.0	24.39069294368618
164.0	37.8448729091207
165.0	17.923840379735722
166.0	48.99389084615257
167.0	14.346773933520435
168.0	45.22791031874802
169.0	22.177940472965933
170.0	27.21383620382609
171.0	33.775999445801425
172.0	22.730551477997412
173.0	32.95208006895825
174.0	42.33523045599311
175.0	17.12519893942997
176.0	43.031736508221876
177.0	29.1254321398075
178.0	16.225726309205847
179.0	15.048985217248006
180.0	44.17503448584003
181.0	13.04713073167676
182.0	36.75313828224065
183.0	41.158120676820374
184.0	13.538641660029938
185.0	30.47001453387839
186.0	36.97743564239248
187.0	25.209966780733744
188.0	34.48730857030586
189.0	48.558259737305434
190.0	34.616482776801824
191.0	17.14625573480547
192.0	39.22606508934272
193.0	30.1969426513621
194.0	24.154507822249315
195.0	11.470396322164987
196.0	31.955890678369315
197.0	34.00053984912043
198.0	44.74390672713531
199.0	5.966663178495931
200.0	37.05950156472578
201.0	31.917894832008635
202.0	22.78886485674512
203.0	7.546830858035687
204.0	36.40210198882956
205.0	9.700297212693094
206.0	13.57294927787574
207.0	38.37097381705566
208.0	10.021986258892381
209.0	43.0793746876689
210.0	3.000112161536442
211.0	14.075535680418714
212.0	25.572680149846096
213.0	31.990799800958932
214.0	32.04866161032989
215.0	24.699905622434635
216.0	46.961575105505
217.0	5.552653964031034
218.0	21.71952086901733
219.0	42.05996633625322
220.0	6.493053465467502
221.0	14.812265933695695
222.0	26.59998799011739
223.0	46.10119101498755
224.0	21.002980670717307
225.0	30.99773098564669
226.0	48.77873480003875
227.0	26.34891397795809
228.0	22.795435929547523
229.0	16.80564492846888
230.0	27.94573100661665
231.0	23.178274144641094
232.0	44.37550903363256
233.0	29.439275917676046
234.0	48.2077922399279
235.0	41.29002581886921
236.0	28.103786519611774
237.0	35.45274368402901
238.0	19.791610577010786
239.0	37.37821297810625
240.0	2.6052958668074746
241.0	35.005250089449824
242.0	8.363306143104248
243.0	13.536901766256776
244.0	47.83596589783536
245.0	48.86323254931837
246.0	28.193459552603937
247.0	38.0486141110049
248.0	18.311745884476764
249.0	19.32406377356125
250.0	18.790623325979222
251.0	28.046163592550485
252.0	16.86435059904251
253.0	38.67937996180363
254.0	18.555064544207195
255.0	22.026486125281778
256.0	46.64465430167317
257.0	42.8728238515658
258.0	37.42789399103893
259.0	28.203373157052557
260.0	30.85297915327216
261.0	20.02196043900556
262.0	15.493819816359412
263.0	30.947159688260207
264.0	19.19410227544114
265.0	17.75166100888847
266.0	18.290107316964427
267.0	49.30222451519453
268.0	20.723692284847136
269.0	21.07342877871295
270.0	15.475959045819732
271.0	22.983343649892696
272.0	45.17982413681621
273.0	16.305461884096296
274.0	39.497823087214414
275.0	16.272116097319813
276.0	15.80892236194737
277.0	17.985741716121993
278.0	14.803384398399825
279.0	41.850073780871455
280.0	42.04152622477268
281.0	14.88582973285856
282.0	42.82069914041068
283.0	10.962389337672928
284.0	39.88548580081644
285.0	27.36815847688945
286.0	39.40810930927151
287.0	24.52620770858865
288.0	17.1778626262996
289.0	14.903765528397578
290.0	7.420876788606657
291.0	33.653849815057214
292.0	16.67463100849899
293.0	45.61529741547719
294.0	40.565545950894574
295.0	27.387386587031138
296.0	12.34781428116342
297.0	22.333669022210074
298.0	27.65128861158136
299.0	17.1437501318237
