0	4.630129776465534
1.0	9.213119938748237
2.0	15.199496033030226
3.0	22.78823057896629
4.0	39.38348670526008
5.0	39.03091674166843
6.0	48.923733575168804
7.0	39.056451579811146
8.0	41.71513963916258
9.0	41.474397112987
10.0	30.008463675846354
11.0	11.163888195274172
12.0	17.004254870069634
13.0	17.08480536207947
14.0	25.88194664581067
15.0	47.083491688627916
16.0	42.3274264464223
17.0	49.25543263871751
18.0	9.512042354153886
19.0	33.8827701154308
20.0	46.79086703667004
21.0	38.15779353559946
22.0	31.93843129555031
23.0	49.40000655063153
24.0	30.222406803764308
25.0	6.776326743004197
26.0	26.810190845251284
27.0	5.534614383654142
28.0	17.25127828007668
29.0	49.540795293822775
30.0	19.039637090797576
31.0	46.813622494594725
32.0	18.964119625522507
33.0	33.90553199472951
34.0	47.34504433924676
35.0	3.174447178622269
36.0	8.282743485873366
37.0	17.892687452274533
38.0	6.158158565717045
39.0	20.958848829332183
40.0	25.06735880466192
41.0	40.54966638398061
42.0	17.667322221063063
43.0	23.06922416318344
44.0	43.28003202147537
45.0	32.91292144951376
46.0	19.464411040748644
47.0	6.18234147824783
48.0	22.957170936180148
49.0	36.083386199353676
50.0	31.259782024781224
51.0	31.462805053786177
52.0	45.237418139903404
53.0	2.2439815108944003
54.0	24.61897840086342
55.0	31.360328361913478
56.0	4.879873674836862
57.0	11.899606145151136
58.0	18.22842970622423
59.0	13.96266091548863
60.0	19.79046523332908
61.0	47.20539598946554
62.0	37.882718632706705
63.0	21.56211122845383
64.0	6.591202334405114
65.0	35.21748926051188
66.0	29.892570977688916
67.0	15.151162193305039
68.0	11.795699383680173
69.0	29.21729106602664
70.0	30.99823924932037
71.0	12.395948401356165
72.0	18.682982094065363
73.0	28.13708645972094
74.0	20.74987397579132
75.0	45.43891825052014
76.0	4.737085929560703
77.0	25.270784904311157
78.0	7.914868208710317
79.0	48.0318897954756
80.0	31.701902333081048
81.0	18.84581468970336
82.0	12.889761654885925
83.0	19.51130258111197
84.0	24.195057541640747
85.0	27.223928123784475
86.0	7.697660431334775
87.0	4.9994290793778555
88.0	30.90104282075432
89.0	41.964744792866256
90.0	20.341953690059057
91.0	37.42373932752339
92.0	35.2050401698775
93.0	24.208094091926625
94.0	28.834807576746133
95.0	29.474151430513835
96.0	41.80215365734538
97.0	40.21373828693157
98.0	27.349971750959906
99.0	14.904764169926285
100.0	25.313827693653653
101.0	26.960808733322935
102.0	12.16922353111688
103.0	49.7431822818176
104.0	14.145753077518117
105.0	33.99512762694408
106.0	11.920293993223474
107.0	49.24501293600809
108.0	16.000754986896666
109.0	49.435675473130885
110.0	48.68640113710839
111.0	35.44256231363995
112.0	41.42756480009795
113.0	18.063358829526965
114.0	48.62030247122115
115.0	26.701987407194707
116.0	7.496477999669626
117.0	10.853489202452051
118.0	43.43164083656526
119.0	43.086300664031526
120.0	12.970905945864164
121.0	38.59462659967761
122.0	33.37074994415224
123.0	34.27618604873728
124.0	24.074399768241527
125.0	34.732602867267346
126.0	31.78407989615144
127.0	31.880525982855843
128.0	23.828164497199072
129.0	33.0341211992917
130.0	2.0708745732705625
131.0	20.513410148060043
132.0	15.23701627376703
133.0	23.114086169896417
134.0	14.257249244101416
135.0	40.62642939481628
136.0	18.613858695910782
137.0	24.72238048010579
138.0	33.00787651299045
139.0	20.172604300926885
140.0	27.368808791354468
141.0	49.93719919039436
142.0	48.67331018590255
143.0	45.254262491361544
144.0	7.540437403289168
145.0	13.721474167058645
146.0	38.44565638059322
147.0	41.051633654775415
148.0	49.43830237321337
149.0	36.43081132072254
150.0	27.02578004447538
151.0	33.790721948473305
152.0	49.12706941046026
153.0	15.409639789168779
154.0	17.865777735409722
155.0	33.333570181736015
156.0	45.224269522355364
157.0	27.32424945156251
158.0	35.679490513339445
159.0	32.46652545270372
160.0	44.349572867963246
161.0	40.169173437661954
162.0	25.030193640464336
163.0	36.83116302875233
164.0	14.744214774182867
165.0	48.12184591819338
166.0	8.617846724903519
167.0	37.11269783171841
168.0	20.819258813027716
169.0	46.8406931643128
170.0	12.685745945329149
171.0	18.053589291631702
172.0	16.672240439772374
173.0	32.33669232835908
174.0	32.4072723266574
175.0	48.0287413535452
176.0	44.16039570985161
177.0	37.23184165099653
178.0	19.205663611742768
179.0	47.33299546959637
180.0	19.094774199170477
181.0	22.9007969897952
182.0	4.5414950504105835
183.0	9.182120793662529
184.0	49.29971112772957
185.0	33.900763788461184
186.0	35.657710987206364
187.0	34.274670468553275
188.0	29.580667940714974
189.0	43.5600788439179
190.0	36.57437896054441
191.0	42.02315253684218
192.0	14.058429716237555
193.0	46.904513100928554
194.0	17.260007820017982
195.0	44.37750038200528
196.0	7.360086509806052
197.0	11.56217827588641
198.0	22.162388665665823
199.0	18.355310624573438
200.0	41.70964792313135
201.0	32.24806200815654
202.0	17.34654111461483
203.0	26.293692125355786
204.0	19.252159965886836
205.0	39.22653201116979
206.0	3.7945954414787475
207.0	39.98988729929908
208.0	12.507508131991493
209.0	12.411655303669171
210.0	15.592875879964993
211.0	3.0198707209833815
212.0	17.765854461915627
213.0	8.521246949115001
214.0	32.758462161706376
215.0	18.32560452851456
216.0	43.8280693514872
217.0	15.174148369041834
218.0	11.914583460548723
219.0	26.770925374692748
220.0	14.253123693105287
221.0	2.940525092851786
222.0	39.07064033147873
223.0	22.798889981402333
224.0	33.28590629456815
225.0	24.317106212079572
226.0	47.39138282877784
227.0	32.40587870817734
228.0	29.776607295031496
229.0	31.185619985203445
230.0	4.634601592843691
231.0	47.73982914670348
232.0	41.78878465686407
233.0	13.121443109028498
234.0	21.538407802024366
235.0	18.28462081986374
236.0	13.118152432003502
237.0	36.95783982887788
238.0	35.187037566801536
239.0	42.215283216855454
240.0	47.3550785737089
241.0	26.171271850114934
242.0	40.02932449920367
243.0	22.72178137631094
244.0	28.55278484126029
245.0	41.25073565020034
246.0	26.919276558426716
247.0	19.943246728933456
248.0	24.661023064543706
249.0	5.309721780455184
250.0	33.62280973672202
251.0	48.55312134185816
252.0	10.193390197165279
253.0	30.323057624110803
254.0	25.54516041755467
255.0	9.173973880652456
256.0	12.346891817523487
257.0	24.338942732251464
258.0	43.85315539976252
259.0	30.830718528033444
260.0	41.835892151631015
261.0	48.22517942120084
262.0	14.227058359354942
263.0	18.698441461232747
264.0	8.661334472637078
265.0	42.623203473978336
266.0	38.142011192742785
267.0	43.32135328707555
268.0	40.173003733745766
269.0	48.4571793960715
270.0	28.737570338279667
271.0	20.4234131217653
272.0	35.697906571785154
273.0	44.56515968749939
274.0	4.419882438145546
275.0	10.68179179372461
276.0	12.38287471153377
277.0	33.37220214706592
278.0	47.49747538832179
279.0	35.93693636974443
280.0	13.94877776242662
281.0	48.64725007530546
282.0	26.69588522367993
283.0	9.864035085711153
284.0	36.07957746338767
285.0	17.435457875578866
286.0	6.159005705036308
287.0	34.21143604993924
288.0	14.416188997201832
289.0	19.895135548094252
290.0	4.425665431900929
291.0	46.72029163684241
292.0	38.47393066809174
293.0	36.111446908824966
294.0	13.79163310669854
295.0	23.33445905186243
296.0	30.45141237393601
297.0	34.25460576111839
298.0	30.837113734017084
299.0	29.905757281290988
