0	21.73202050385116
1.0	1.8505160565642946
2.0	9.072965671877244
3.0	29.392250569832512
4.0	9.493490486861456
5.0	9.751780617967205
6.0	23.070207286960045
7.0	27.010668159209924
8.0	7.142341237416105
9.0	14.8843063388081
10.0	25.430461402449946
11.0	21.982451326420545
12.0	13.587714458657869
13.0	7.429678052091949
14.0	34.73635209010238
15.0	23.03527536611573
16.0	19.07351825922805
17.0	30.243202668345432
18.0	8.71942696631103
19.0	21.464099882823888
20.0	29.390676594778025
21.0	15.594833080044975
22.0	25.582674029091198
23.0	25.91533412800099
24.0	19.502892787574893
25.0	15.403407504517947
26.0	25.337533895246942
27.0	26.736586709257747
28.0	3.7020300978744225
29.0	2.274537884040689
30.0	2.384761848828802
31.0	28.900187644198613
32.0	1.6425712198031275
33.0	2.0414470320508533
34.0	8.249693573994218
35.0	8.64621042383858
36.0	2.984373234637728
37.0	0.8905598937961705
38.0	6.4489271862489055
39.0	15.921934054170343
40.0	0.9912434844516067
41.0	0.1
42.0	8.224260535719587
43.0	21.522764533589715
44.0	8.361935680228914
45.0	20.241606772423076
46.0	0.1
47.0	6.480407089158928
48.0	15.395704993014057
49.0	0.3330817704625648
50.0	1.922319776300295
51.0	17.37551527108767
52.0	23.23186209188041
53.0	10.582309342680169
54.0	3.1753758804240757
55.0	11.76086986638326
56.0	4.261066376284433
57.0	27.031291818027217
58.0	10.811388341823491
59.0	25.866425690487187
60.0	14.011255302646907
61.0	4.415946881037393
62.0	4.748673940579948
63.0	16.9129687926757
64.0	6.753369076121338
65.0	24.600771232405467
66.0	31.42095058957874
67.0	4.260929894660421
68.0	21.347074905062815
69.0	28.13784228571144
70.0	8.833536047371133
71.0	20.702426525060314
72.0	24.95125615820228
73.0	26.514102537628144
74.0	21.861181853169434
75.0	14.665982923905691
76.0	14.626058820873531
77.0	17.767520986419495
78.0	14.769938324921409
79.0	25.430857140111364
80.0	27.864690391037968
81.0	23.509991436025107
82.0	33.381192886820656
83.0	29.448322143697705
84.0	33.6948280912773
85.0	14.294748047402072
86.0	25.223767290348174
87.0	10.518577835243285
88.0	11.903245521233943
89.0	31.363257967704012
90.0	15.86517489404004
91.0	16.47750559474558
92.0	29.906291558227192
93.0	14.806400892827012
94.0	7.291382312266079
95.0	9.805697502702026
96.0	4.5730272532201015
97.0	22.985552698001133
98.0	6.057516369688299
99.0	24.80886779067371
100.0	0.1
101.0	0.5474321932589716
102.0	6.001232876020257
103.0	1.7339365471131711
104.0	0.1
105.0	16.32191366315636
106.0	15.407366451707087
107.0	0.1
108.0	0.1
109.0	1.792212358213586
110.0	13.4011993916894
111.0	13.132301819407667
112.0	9.5651577903721
113.0	12.466885522186612
114.0	21.133518022360796
115.0	14.269682891406827
116.0	5.702169556742453
117.0	26.137384019484003
118.0	10.136294382296889
119.0	13.907020490052224
120.0	8.760414645177207
121.0	25.659448873335485
122.0	1.2189258124636462
123.0	0.1
124.0	13.737070150846687
125.0	3.5504295736221034
126.0	26.936963753929838
127.0	25.41615448047441
128.0	22.00790851401488
129.0	26.921202598642033
130.0	18.159688822388624
131.0	22.357190293321686
132.0	31.334900983736862
133.0	10.158834566725838
134.0	22.253972344522936
135.0	8.839585692073467
136.0	19.194961335158624
137.0	5.697686880305866
138.0	22.524643751689204
139.0	26.3020807798727
140.0	16.279963657754976
141.0	33.42433888697073
142.0	25.055857896954514
143.0	6.441325076906984
144.0	13.892279522904142
145.0	14.526803753147638
146.0	7.29095098810228
147.0	32.983469215253656
148.0	17.526805730355292
149.0	8.80621537454583
150.0	25.139117007246124
151.0	19.82822601649592
152.0	5.147748253413005
153.0	7.8886054288574545
154.0	13.583690586555626
155.0	22.074383466290094
156.0	5.614288161029701
157.0	15.705000131926521
158.0	17.909989466794276
159.0	10.971388881395464
160.0	24.694526185717635
161.0	26.660652460379893
162.0	23.034912660251827
163.0	3.9119233070351758
164.0	2.4224773089059837
165.0	10.97422316872135
166.0	10.376932473492904
167.0	12.587078133467312
168.0	1.7992292000357475
169.0	18.98591440484222
170.0	13.782906581263518
171.0	16.072139187766368
172.0	6.1185589750905685
173.0	0.1
174.0	12.070018964224795
175.0	18.666659860360664
176.0	23.309669703179235
177.0	0.1
178.0	0.1
179.0	0.1
180.0	9.606278994651278
181.0	14.56079271275126
182.0	12.13523597131016
183.0	19.711200863520542
184.0	1.038324833474484
185.0	27.660031148858025
186.0	9.17154450880949
187.0	5.689465048274127
188.0	11.348025845521565
189.0	19.687185439396444
190.0	3.4805259952146046
191.0	11.833310093204885
192.0	4.719662729296557
193.0	10.292248013576481
194.0	24.4833536821537
195.0	12.270535543473184
196.0	5.725346069884946
197.0	22.39957194450392
198.0	20.119790415739594
199.0	10.074341079568434
200.0	26.694531726401763
201.0	24.982832634555763
202.0	12.059675617945086
203.0	27.14899337963712
204.0	6.182137797419767
205.0	18.944052348060254
206.0	29.718658624076653
207.0	13.494819801035042
208.0	8.461627262833645
209.0	21.387410319723603
210.0	14.173532776785365
211.0	16.80242655165287
212.0	13.407188884220322
213.0	17.277939518456385
214.0	20.213985828298952
215.0	22.698600576670373
216.0	7.80270494315228
217.0	21.522662509929532
218.0	27.17654712486296
219.0	15.074349733763158
220.0	26.238661333975543
221.0	14.260120906770592
222.0	25.431345089838096
223.0	21.127573334917
224.0	10.873718574653632
225.0	11.158043281750226
226.0	18.869774724057667
227.0	24.827186420665463
228.0	2.525479460714144
229.0	14.78676994251058
230.0	14.397531752659226
231.0	7.95532711693941
232.0	3.7678503249008948
233.0	10.148212790708328
234.0	2.084191993221703
235.0	0.1
236.0	12.687901186854766
237.0	3.8058188184295485
238.0	2.399249533251089
239.0	10.398922945568485
240.0	9.652872950043061
241.0	22.03977089962074
242.0	2.9035336636362326
243.0	11.619100447969963
244.0	21.680615352074067
245.0	16.95761226972972
246.0	17.222071852447833
247.0	4.421218006916177
248.0	10.354984445668373
249.0	5.057100078519742
250.0	4.249224508462888
251.0	11.36031848446768
252.0	8.732539806170177
253.0	3.598626031677058
254.0	3.2422314705436976
255.0	26.621440840626036
256.0	13.435299272741762
257.0	26.90565965334486
258.0	17.82010403389906
259.0	18.742077527191935
260.0	32.27358552853546
261.0	18.733748530134626
262.0	29.132016796287417
263.0	27.991815804286034
264.0	33.85108569929657
265.0	34.65355614805773
266.0	6.806204775818577
267.0	29.272374316145473
268.0	27.878398164557424
269.0	11.141217209984822
270.0	26.22964723200701
271.0	6.189025094023602
272.0	17.18770606642038
273.0	20.728295491097626
274.0	6.253986306232031
275.0	24.60888205053875
276.0	24.928022562344633
277.0	27.369599394672974
278.0	30.225227335239275
279.0	22.232176351124693
280.0	29.75124840736564
281.0	17.926133337056218
282.0	14.21629452236134
283.0	29.10488665966798
284.0	14.656249851425779
285.0	12.605267708170253
286.0	13.024663065658533
287.0	27.296410913696892
288.0	26.58560016746261
289.0	17.47566451629243
290.0	6.894174781682963
291.0	2.927358218155809
292.0	4.175992331503881
293.0	0.1
294.0	24.856020173224906
295.0	10.608183784516104
296.0	4.741414338301442
297.0	0.1
298.0	0.1
299.0	21.641214017884145
