0	0.8725422583197473
1.0	1.6219161596658458
2.0	2.623355607231277
3.0	1.875084073084793
4.0	0.742815969581863
5.0	2.4855359127591927
6.0	0.7866808045500681
7.0	0.6129389176816586
8.0	1.9157822124361377
9.0	2.7627338788387648
10.0	1.7923282031283827
11.0	0.3173010895926342
12.0	0.1
13.0	2.6414660643729744
14.0	1.2459337042407528
15.0	0.26739975983946696
16.0	2.9930684135378076
17.0	1.4474790215623305
18.0	3.214277040233514
19.0	2.4991367801648825
20.0	1.0539659623398725
21.0	2.193132969184859
22.0	3.314949737155022
23.0	2.1079030170670094
24.0	1.1081617337793181
25.0	0.8455254394183047
26.0	2.3008272267364425
27.0	2.1887898782241186
28.0	2.1843865433991656
29.0	0.966313668639621
30.0	1.560385251864348
31.0	2.6547358317396212
32.0	1.5312295151833746
33.0	1.4856774649119064
34.0	3.299742916040445
35.0	2.728671965521751
36.0	1.8721404506557247
37.0	2.210810872124575
38.0	3.0149710095188285
39.0	1.0669532489314666
40.0	3.508065863584116
41.0	0.27061794450982485
42.0	2.4661533909466304
43.0	2.7263117962788024
44.0	1.387519702111978
45.0	0.1
46.0	1.52399099089499
47.0	2.8694439469351773
48.0	1.4478396306326937
49.0	0.1
50.0	3.0910480355040937
51.0	0.9931049836451384
52.0	2.613366867513439
53.0	2.5128977010833413
54.0	1.3295050069930077
55.0	2.298470430794953
56.0	0.8397109971944642
57.0	2.0074022101092033
58.0	1.6832326192172085
59.0	1.6502743088539713
60.0	0.45081607277044966
61.0	2.2909453655610665
62.0	1.2719309023525258
63.0	1.4608465131442003
64.0	2.5313368235126936
65.0	1.925972234162211
66.0	2.128708707134311
67.0	1.3327809640137713
68.0	1.5819906981801903
69.0	1.222739404402265
70.0	2.4327493865112446
71.0	1.3313974893934266
72.0	0.5027699949056067
73.0	1.7720689372868494
74.0	0.3652673468287695
75.0	2.4173732261080425
76.0	1.9967097754870233
77.0	1.3738074043108357
78.0	3.365267356486299
79.0	1.1788960941369067
80.0	1.2313421309954933
81.0	1.499621738523019
82.0	1.480281999500473
83.0	3.615918289037272
84.0	1.7248312146048936
85.0	2.3948956876057363
86.0	1.7506669594532385
87.0	1.7332320422687868
88.0	1.8271121002479649
89.0	1.7571161022595305
90.0	1.9414355867200177
91.0	2.6824661902998104
92.0	2.9356953674239628
93.0	2.306867972954357
94.0	2.409335679130736
95.0	1.227682857109892
96.0	0.8139772281247861
97.0	0.9339736742111696
98.0	1.6756061780830764
99.0	1.8536435049282343
100.0	1.330829589201477
101.0	2.3618224073823146
102.0	0.9762729385455098
103.0	2.1934438800393274
104.0	0.24640596125291558
105.0	0.18525381701967447
106.0	2.725824596246218
107.0	1.6266759847803631
108.0	2.00713193435828
109.0	1.144615330895009
110.0	1.7705680317229227
111.0	1.1495081805310792
112.0	0.8142818699864054
113.0	1.688228966727478
114.0	2.6420186977608346
115.0	3.0411413204519526
116.0	1.9645542490741554
117.0	0.9131548907013292
118.0	1.4679280951515412
119.0	1.787146682727346
120.0	0.13118024809153517
121.0	2.1329631793177164
122.0	1.4841626164969104
123.0	1.4056649730902289
124.0	2.156261276068914
125.0	2.5307084299333007
126.0	3.7297384541976344
127.0	2.1112559398041886
128.0	1.0096749072173106
129.0	1.944721896612116
130.0	0.8880947090802921
131.0	3.052570215985633
132.0	1.4021557288907565
133.0	2.533370022941867
134.0	1.8642735556510712
135.0	0.5434419807023969
136.0	0.7446451085787432
137.0	1.6201271798993546
138.0	1.4220074851077196
139.0	2.048366353952709
140.0	2.1569740463330453
141.0	2.6867267562923844
142.0	1.570482499980595
143.0	1.213405630709584
144.0	0.584315095020143
145.0	0.8654476588777107
146.0	1.2406383798091827
147.0	1.089571043609493
148.0	3.045463854901315
149.0	0.36638644734802667
150.0	2.7122673973820075
151.0	0.1
152.0	3.4203912104589107
153.0	1.389431982325437
154.0	1.3362072582519726
155.0	2.5872254615947643
156.0	0.500323516704531
157.0	0.9834737449163924
158.0	3.6488101937284623
159.0	0.8001280518582443
160.0	2.1745806908304908
161.0	1.1223833704427204
162.0	0.710025833461369
163.0	2.5882689054962134
164.0	1.8393701064055843
165.0	2.173848323930336
166.0	0.901850028993928
167.0	2.4711228347819905
168.0	3.10250649487547
169.0	1.4383660608511528
170.0	0.7744264351004494
171.0	2.664190500897872
172.0	1.8738388491968383
173.0	3.238198074739603
174.0	0.796876011724884
175.0	1.835283411645391
176.0	0.9257789027916397
177.0	0.9839909195811445
178.0	1.8894095667722859
179.0	0.7265280633099578
180.0	2.049679276813956
181.0	1.2538080230879802
182.0	1.1913486565597018
183.0	2.481358483543511
184.0	1.9136051763664397
185.0	2.4686699263313656
186.0	1.723149039847953
187.0	2.4271067355272535
188.0	1.640815930466079
189.0	2.7667780668517103
190.0	1.9218437803267543
191.0	2.2530171691675487
192.0	2.0614143213791043
193.0	1.5105528531792842
194.0	0.6839148632985641
195.0	1.3317798306994357
196.0	0.12376989102674557
197.0	1.310822899680178
198.0	2.6600250275877357
199.0	1.2747018106012051
200.0	0.9175129972641602
201.0	2.677819375245919
202.0	0.18943624286957111
203.0	1.4231419027448151
204.0	3.8080671147306644
205.0	2.058003057736724
206.0	1.858127688311963
207.0	2.922261421272507
208.0	0.78654569567921
209.0	3.4362022928439835
210.0	3.0421624629693316
211.0	0.1
212.0	0.8994182719348194
213.0	2.0535973590601246
214.0	0.7488218725006525
215.0	3.228183186011682
216.0	2.0994017706432735
217.0	0.9574342142891066
218.0	1.005012476536882
219.0	1.980829012278643
220.0	1.0532119178089223
221.0	2.459342888971611
222.0	1.418246948117516
223.0	2.165610006293417
224.0	1.256599735556952
225.0	1.7284841971725249
226.0	1.9707277978574649
227.0	1.2575645079541702
228.0	0.1
229.0	0.7684294551671423
230.0	3.1344600389903987
231.0	1.0063528207320123
232.0	0.5000575965777918
233.0	1.8889693794646436
234.0	0.7845666267094736
235.0	0.7062357791706679
236.0	0.7424630366529138
237.0	1.4482733999776731
238.0	2.694390951434029
239.0	2.2251234782448037
240.0	2.3980557630972843
241.0	1.556174694502219
242.0	2.2056939901961297
243.0	0.6917251793233093
244.0	2.760674092269464
245.0	0.8542793757865945
246.0	1.67394284416054
247.0	2.0001298726069163
248.0	0.8264155489674867
249.0	2.665935693441976
250.0	1.7694605026647832
251.0	0.1
252.0	2.249972812473551
253.0	1.0068950504744343
254.0	0.3428439229511865
255.0	2.3947254420604915
256.0	2.0639313860556516
257.0	1.0175409086999
258.0	3.5694926574958874
259.0	2.188633703313034
260.0	1.5483414198874321
261.0	1.2692460171597055
262.0	0.9705457213024123
263.0	2.235887449086897
264.0	2.256775924007986
265.0	2.3545602833166686
266.0	2.2156963156666185
267.0	0.7705555373858414
268.0	1.0393987144203505
269.0	0.9084933519179199
270.0	2.196818428751889
271.0	0.723284425224733
272.0	0.7865839590875536
273.0	1.4763339671727211
274.0	2.251732409309855
275.0	2.209534602692437
276.0	2.0619038993484273
277.0	0.7171719100981748
278.0	2.422521366350892
279.0	1.0463901676511147
280.0	2.762555860707699
281.0	0.879726193051749
282.0	1.9811286572288496
283.0	0.998262896375228
284.0	1.2879611087858676
285.0	3.3670055095449944
286.0	1.4438968938494683
287.0	3.136876312135029
288.0	1.4276459786824238
289.0	2.2139566299772833
290.0	1.3167652175623032
291.0	1.1967412857215955
292.0	2.726467746744967
293.0	2.5051565023490214
294.0	0.8951870427823468
295.0	2.242765766313175
296.0	3.5176750392755114
297.0	2.655601957344315
298.0	1.6067205202397243
299.0	0.5089496569503944
