0	7.28858089518952
1.0	14.796138591794545
2.0	10.457318157702066
3.0	15.637733577381484
4.0	14.32188087117464
5.0	6.706516449327934
6.0	6.795966938057811
7.0	9.60470548854081
8.0	8.924149460993464
9.0	13.606440772228398
10.0	19.318165048034896
11.0	20.568264773674365
12.0	6.526348610505162
13.0	9.68958313579319
14.0	9.510376653396763
15.0	10.094557127288468
16.0	16.887906123300077
17.0	9.7010195154352
18.0	18.83350555763971
19.0	13.161199390137496
20.0	11.51915757733277
21.0	15.640261393083758
22.0	8.045260502969382
23.0	9.048558069462999
24.0	19.6332719431795
25.0	13.718943817737285
26.0	10.967119466169851
27.0	21.777708622323736
28.0	9.25733161110616
29.0	7.790089454499988
30.0	20.011689019787134
31.0	20.269530152671425
32.0	21.149014246471516
33.0	9.996899058934922
34.0	22.33148825063686
35.0	22.04272100457911
36.0	14.428096032669012
37.0	17.29436224700736
38.0	10.18984476312669
39.0	9.794908626564078
40.0	14.475699734783024
41.0	17.612304822116116
42.0	14.534909362062244
43.0	11.042344914642916
44.0	9.324558663405549
45.0	17.825003800359845
46.0	10.659024959470687
47.0	16.64098952400289
48.0	10.61399604996097
49.0	9.999600873297222
50.0	15.57981799352457
51.0	8.321771660204053
52.0	14.895455130213175
53.0	15.013379203250922
54.0	21.0455519330835
55.0	16.51945680858517
56.0	20.2450588442903
57.0	16.30638548075722
58.0	17.778664531843894
59.0	8.994661461007556
60.0	12.146412682731631
61.0	22.388804716974274
62.0	13.347904188774141
63.0	9.700847879346835
64.0	16.848661984506162
65.0	17.484951803969565
66.0	15.307140170730012
67.0	8.265974490339467
68.0	8.480855071357496
69.0	10.15153898555195
70.0	20.023297793971956
71.0	16.165523180076462
72.0	11.931874749326587
73.0	7.371721231272889
74.0	16.00841200612483
75.0	20.67493877982922
76.0	16.87269091899842
77.0	8.844193667955475
78.0	12.411450443716395
79.0	13.119644909022247
80.0	21.21004386191827
81.0	7.796502302447689
82.0	16.492277589410094
83.0	12.0540044139909
84.0	11.769528292384676
85.0	9.93480147138128
86.0	5.895326297623711
87.0	16.69073992697504
88.0	7.998893723409911
89.0	14.241387725487392
90.0	10.629247020783296
91.0	13.231853153471029
92.0	14.344542191315895
93.0	18.640134052311474
94.0	5.9880158988216445
95.0	16.891863440567942
96.0	12.217253202773037
97.0	19.48338851262236
98.0	13.930914503353945
99.0	5.731152057513209
100.0	4.538896175812118
101.0	13.087414513906662
102.0	7.129206614942493
103.0	9.232133815414185
104.0	9.257890928998066
105.0	8.831388423605327
106.0	12.512999031488878
107.0	10.595260061872402
108.0	6.802585569408662
109.0	9.244872180869523
110.0	9.332012977976582
111.0	11.162523135042925
112.0	7.200051884165021
113.0	14.460842298802211
114.0	12.207244809846639
115.0	17.586518734049072
116.0	6.558973784035018
117.0	5.9867637663862325
118.0	4.206550024451058
119.0	13.597833116301747
120.0	15.551008729643286
121.0	8.235824982363045
122.0	11.657898922766496
123.0	5.8351729844980165
124.0	13.223986097770508
125.0	14.00636160150497
126.0	5.0622657859013325
127.0	14.571368926868095
128.0	4.071465483344651
129.0	9.447708008134782
130.0	3.2745078680947435
131.0	10.020034097010939
132.0	16.412818286518984
133.0	15.839326666942924
134.0	2.2881933504319267
135.0	16.75989331869952
136.0	2.7699771249433085
137.0	8.736512118127918
138.0	3.2621913402985467
139.0	14.392712116749799
140.0	14.017369806051114
141.0	4.6655905045042525
142.0	2.883271023057297
143.0	3.499064781686502
144.0	2.429804479225875
145.0	7.722754624604548
146.0	15.572458032746486
147.0	3.543720365314455
148.0	2.643182788029175
149.0	4.325349869565988
150.0	9.735836803788924
151.0	12.150854297709822
152.0	13.7082524036166
153.0	10.493530780038755
154.0	11.027007269717563
155.0	8.378780935424896
156.0	16.943502094489414
157.0	14.100479512611802
158.0	3.982623963234121
159.0	3.9111355055094448
160.0	12.501523108663655
161.0	5.304774844310513
162.0	7.52514523085631
163.0	10.079314181493544
164.0	17.11390612801871
165.0	4.0762004738679245
166.0	15.030517915578876
167.0	8.925713457065683
168.0	4.795204847019046
169.0	11.364529511701924
170.0	5.680229755518442
171.0	17.414499126407694
172.0	5.52770728986952
173.0	4.686245783145733
174.0	9.970205882156215
175.0	11.686065793200447
176.0	5.273424091590708
177.0	5.898540523882377
178.0	11.596770179897328
179.0	12.069022281115837
180.0	17.670062063689887
181.0	16.32516500119044
182.0	14.38743671400023
183.0	10.697012112540577
184.0	9.864286594200905
185.0	5.774332800874866
186.0	16.193048824179648
187.0	10.244174136022474
188.0	18.244482036313943
189.0	6.921827805827878
190.0	15.351124829546086
191.0	13.093477195067592
192.0	10.645580827236044
193.0	16.697085425644943
194.0	13.637357320558547
195.0	6.201832602228667
196.0	17.824725915440183
197.0	20.461653267928337
198.0	10.951802007132311
199.0	12.827201126948458
200.0	6.896706396960073
201.0	12.08024823746778
202.0	17.76721953995416
203.0	19.145324826033818
204.0	21.321391488811745
205.0	12.912789205304328
206.0	7.840390456935969
207.0	11.920475219036174
208.0	17.136169731263504
209.0	11.443486278867109
210.0	16.18787959441866
211.0	7.957687773923398
212.0	15.717456774838105
213.0	7.902650135073026
214.0	12.651938088514353
215.0	13.53445251892222
216.0	18.164643739343415
217.0	19.005758106752083
218.0	12.070980159580532
219.0	20.487688403809166
220.0	17.993326309082367
221.0	11.767127021984267
222.0	10.811529631842582
223.0	17.58871748502103
224.0	11.561199601115295
225.0	17.979933523686512
226.0	17.58701035975676
227.0	10.964942649997099
228.0	17.92894079925386
229.0	19.261026145252526
230.0	12.469967384632191
231.0	14.575520497907743
232.0	11.580016577034296
233.0	22.41374532203397
234.0	22.15810927790897
235.0	21.180494097013575
236.0	12.639968646148992
237.0	17.80064986687539
238.0	15.28615439668852
239.0	16.525929711814825
240.0	21.874453202497214
241.0	11.435440886294888
242.0	21.998863193064096
243.0	21.319221066981292
244.0	16.106205709853654
245.0	11.351056256046748
246.0	8.596893822379648
247.0	12.52501467055627
248.0	21.64582430104519
249.0	9.943422628091083
250.0	15.364826047663694
251.0	16.210780533709404
252.0	19.62284245722526
253.0	19.03346761751908
254.0	8.939621562548906
255.0	13.095331280584682
256.0	8.000166217341807
257.0	12.882835597802853
258.0	22.201482218818356
259.0	21.552353619126478
260.0	20.83597039270715
261.0	13.284007605307583
262.0	20.318511435211448
263.0	18.306117128917222
264.0	15.176756359354012
265.0	12.550494261672384
266.0	8.255458107863488
267.0	20.742690177912497
268.0	16.62464040046388
269.0	8.044515910962616
270.0	17.88795057156288
271.0	13.708621333756556
272.0	7.820493620014089
273.0	19.752703680192678
274.0	7.285316718838024
275.0	9.742243346845141
276.0	11.458443575902148
277.0	5.9421769234760085
278.0	12.45772061062042
279.0	6.591424379649867
280.0	16.35517289766493
281.0	12.704517664131208
282.0	6.4348590832318475
283.0	14.565634919394668
284.0	11.8588525233456
285.0	10.480688294830108
286.0	8.165758671568025
287.0	17.085551784680334
288.0	5.693629625028445
289.0	16.41479155027936
290.0	13.619809143430075
291.0	18.58271108115163
292.0	5.129991245310347
293.0	17.944891988249534
294.0	5.698146728599921
295.0	15.706677813233666
296.0	7.616015952365834
297.0	7.5369699926842015
298.0	17.80817785193537
299.0	16.786919218045693
